-383,266
-787,-979
841,488
805,-882
90,-756
991,476
872,681
323,-368
256,841
156,-646
-495,-36
249,868
-799,-65
-686,153
-361,-809
884,684
-227,806
-268,-715
178,-103
509,-249
-357,234
983,-617
-343,101
0,420
-587,610
264,808
-216,-910
-839,240
949,374
-71,-50
921,-259
-48,-307
799,-288
966,810
502,658
479,92
-198,-325
774,-555
338,-153
42,-756
615,-258
731,-544
945,132
630,-861
-428,-569
468,927
278,-889
-193,429
-534,798
-348,-250
243,-694
-37,900
-191,397
-210,-277
-352,-51
295,-864
790,-314
-220,-691
-124,289
-416,-525
-36,-9
764,-991
236,-138
97,-910
-750,747
110,-365
837,468
136,739
-340,-600
-11,-789
-270,581
191,227
100,-230
-52,421
-41,-956
-243,33
-465,274
-582,327
819,-210
919,237
475,913
-369,794
-358,-249
-106,-658
-715,-892
-390,-200
-97,268
-593,833
-951,-399
444,-528
110,363
-462,-659
-793,707
-255,-251
-124,-957
-84,853
-941,-811
-633,724
350,118
500,-459
14,-109
110,-849
-117,-519
-99,491
144,-277
327,477
960,260
-621,679
51,-505
-298,305
158,-196
565,-415
345,723
696,-954
-360,288
-852,-486
-892,-387
38,-231
-274,-244
872,-106
245,-704
232,-795
-364,-501
-269,-861
-716,654
-101,179
-561,-780
899,-81
-13,-129
321,-699
-728,-78
-18,-717
649,-109
534,-970
535,-380
-733,993
-93,-318
-619,-515
339,145
959,938
224,-646
-197,156
-741,-434
-296,343
-630,-818
531,-600
921,-225
488,245
322,-760
45,167
305,-168
-401,576
-615,-496
109,-940
-459,642
-358,-848
-152,-251
433,-547
629,-97
496,399
815,545
-989,244
-862,-258
-317,-418
-932,834
540,147
376,-409
-391,-400
282,-799
-439,114
-300,177
-31,33
548,990
-326,724
-351,-459
786,397
38,-535
-316,288
633,-683
-272,-160
625,-258
995,806
-961,280
-448,-976
-310,763
-95,955
-217,263
852,-506
580,-113
60,-209
463,379
241,-183
264,261
-546,-222
695,-433
-310,901
-651,510
-369,-34
425,-471
-519,-741
81,-778
900,422
-365,682
-6,521
376,604
-845,-669
-496,-161
459,994
-864,-595
694,-985
991,531
-799,957
-381,-582
-3,114
-725,303
62,-301
738,-951
-36,515
564,-68
-917,-591
199,-75
366,367
205,-545
595,438
929,-954
727,548
522,-430
588,897
-592,-854
892,620
864,72
849,13
329,-297
743,989
89,-872
752,-45
-927,539
922,-415
373,533
116,274
94,434
-506,-824
-772,682
-597,564
-108,-17
-829,-343
-202,948
146,29
-567,-272
-296,317
151,846
561,-863
298,1
-400,255
525,-389
-348,427
-663,177
436,850
477,-508
355,867
456,-802
-641,699
-82,-680
-531,979
789,995
327,802
-794,-181
-468,-245
967,-96
-486,732
29,-95
-790,-655
-570,201
-625,-633
521,-447
-220,260
813,74
-337,-909
-31,179
36,-25
319,661
-708,211
-252,985
-724,647
135,623
-101,109
-748,646
-163,-43
-841,642
-545,360
-517,-140
186,-898
222,252
606,156
824,282
-946,-139
-700,-669
-621,683
226,977
561,-787
851,252
999,682
364,-563
849,195
496,521
-595,-528
-328,-331
331,-145
-982,163
552,184
735,561
-418,-497
-442,-918
-267,69
45,342
-330,75
-764,787
-676,-336
-832,-305
-606,-254
-461,19
102,-510
96,-130
-182,167
554,-351
467,-993
-42,-38
868,215
47,126
402,911
72,965
-463,-324
-660,549
948,-788
25,108
652,-950
-251,-928
57,-393
-849,-431
430,386
-673,-698
-717,-440
32,870
-668,250
199,261
793,287
241,15
-48,-682
-313,196
-130,-548
-446,-522
218,-167
-396,-225
-461,-550
-448,118
655,779
-964,985
-406,452
887,603
-518,-758
-404,193
-990,-582
27,621
804,-407
-971,-962
233,911
576,30
639,-944
-605,-529
491,-637
-54,163
-563,-518
-672,-809
613,584
477,-547
-44,789
-152,982
-676,-354
973,564
259,-152
118,784
-844,143
-940,969
894,405
890,841
50,-5
-800,-26
5,641
-542,-831
779,472
461,735
995,802
-562,-532
617,482
-404,815
-334,624
-287,-6
-853,619
-8,750
-590,96
-263,-485
-717,405
-614,-985
420,-788
-285,-206
-757,-530
-564,722
198,-956
-635,527
-931,954
418,974
-330,-944
792,-805
926,-978
-868,3
-576,-784
706,921
315,64
685,-174
-25,-617
715,602
939,516
87,628
578,171
-699,318
372,561
-62,-945
-819,-394
-14,184
103,204
-549,566
732,192
-965,-112
717,934
-148,668
427,-244
908,148
545,-18
-134,-864
-242,-66
773,907
-58,806
808,361
20,81
536,-775
-454,-408
-534,-5
70,-429
-902,404
305,-818
-730,-642
648,981
-258,16
401,84
372,576
-715,-213
898,-441
-876,-94
-685,554
-502,897
180,846
586,551
628,620
-428,-530
702,586
-254,-246
-443,-387
-216,490
-531,779
-874,472
-456,-386
749,-395
294,-71
-324,-713
-582,185
928,-757
450,867
690,-184
-725,629
136,121
73,160
-451,299
234,306
-104,736
984,-550
-195,-54
-652,-807
-222,69
995,252
-26,-482
711,-174
-1,-645
-683,181
777,791
-623,149
-213,-333
662,-410
929,330
-350,999
-593,-458
332,-524
-233,792
624,802
556,463
230,322
839,-505
-130,237
323,154
239,276
-637,-449
-215,-559
-268,-404
764,-106
-565,-718
-155,-787
-151,250
-234,300
154,-534
951,-283
-174,-482
954,376
-279,-56
584,-678
362,-352
-57,-579
-966,265
667,725
-801,-285
374,460
-593,807
31,-857
-570,-316
-397,954
-653,-640
-493,41
-995,823
728,445
495,603
-609,181
-386,765
-737,194
869,-391
-28,767
-911,-918
554,-61
341,553
-395,304
143,-5
-699,609
-550,348
39,289
590,547
606,883
551,955
98,-148
750,792
-480,374
999,-520
-523,551
-189,86
614,642
702,-150
-374,-265
-464,262
-764,-141
-782,875
-742,629
-160,53
460,-983
840,506
-828,34
-532,-123
429,-679
838,100
-478,501
-788,-904
786,228
-389,-55
769,620
-546,-438
102,277
-688,-382
-291,541
-172,-410
-587,-539
931,950
-202,873
236,232
-935,-857
419,705
59,581
980,41
-547,-589
-519,-782
928,864
315,272
800,486
-500,33
44,768
327,391
819,837
-379,-146
-356,255
100,293
219,-106
645,-683
-988,703
803,726
2,833
857,615
325,-888
-237,806
683,-368
131,0
966,228
-366,906
554,894
171,-738
830,-165
-939,696
348,595
-598,479
-572,209
892,-468
433,-306
725,-838
-558,-419
576,-786
-271,-412
-283,-881
695,866
-536,741
335,468
878,853
393,291
-356,8
289,380
583,-891
-638,-388
672,-66
-122,200
-903,795
667,-920
-292,-187
338,595
-675,617
767,-352
-744,-1000
-363,-924
-470,839
-336,-376
64,-715
-580,-931
678,385
-774,119
-722,-756
856,599
288,-65
-485,513
988,-832
-903,34
193,-18
14,175
-599,-66
360,903
-276,173
-286,375
-377,-229
452,-269
-229,894
-634,-716
-920,-186
-482,-610
949,404
-937,629
257,-17
228,52
-629,278
-674,417
324,837
339,-593
191,-532
563,-298
308,961
591,-916
861,910
337,-932
-831,706
-800,-457
894,-124
804,-213
-836,-269
-36,-958
-163,-525
582,140
-547,-242
786,166
193,-109
-193,-300
-732,-142
-227,-454
-511,-997
-589,-480
323,564
-387,-248
706,901
581,-749
-278,-950
793,-893
-834,-201
939,102
-962,465
799,-801
-688,-197
479,-204
297,-978
-193,-893
-574,541
72,658
-594,-649
-941,-76
-848,-526
-63,992
954,-511
-570,-626
810,-382
397,-681
-763,810
819,447
218,783
-260,-544
-31,962
906,-617
786,-424
261,-51
-592,-431
-72,929
-910,-599
991,-638
328,198
538,562
-644,972
-941,92
-831,881
-859,449
806,695
456,-411
415,-458
-752,225
-923,-86
-655,-685
129,-358
878,-303
407,-613
41,733
-307,-614
963,-29
314,-511
-633,-847
403,-642
949,204
40,-810
140,184
733,-188
-875,-747
-216,310
-179,-600
-778,-384
-127,-109
-318,-840
273,329
939,23
822,870
776,393
588,-895
894,64
910,248
585,362
477,-155
-517,-73
112,49
905,540
-263,755
485,-97
838,544
250,-287
-228,-463
-470,887
315,-697
-370,-547
-374,-72
943,235
-334,581
-92,-953
-803,-215
-496,894
-907,-351
575,466
-765,477
-272,-368
956,615
-704,-383
60,112
-66,466
765,388
701,469
-837,-805
-449,-414
571,-632
813,-25
-217,950
964,686
-868,-751
-400,-129
613,-125
433,683
-221,-162
26,7
290,247
926,-514
966,-726
-887,159
108,-34
-691,-988
873,-678
426,378
477,819
912,153
710,755
628,892
-76,322
653,603
448,534
747,-559
-973,909
488,-775
807,-658
-344,598
-770,-602
-637,-102
-58,-511
-466,705
149,846
-394,833
-723,638
-398,-546
997,-329
501,91
-7,-835
-129,755
-97,-344
39,734
670,-383
-973,848
-918,901
454,-159
437,76
437,450
-638,-379
101,35
-811,477
193,-891
-804,-891
-61,-304
777,-910
-541,-716
-424,-969
-232,188
441,-900
-833,530
-922,-491
186,-917
-600,863
-920,-41
-210,750
-436,-235
-630,-499
-113,306
322,338
-103,78
729,-695
-139,262
-912,556
-338,661
-190,-58
-735,-163
815,-987
484,-365
724,-706
-599,353
391,-947
-956,-757
957,473
-293,-461
753,170
329,-896
-291,-637
-659,-883
310,-835
808,-376
947,59
223,-285
-127,-844
37,629
439,464
495,-390
-380,384
-501,457
-784,898
-856,-916
-689,676
-147,479
-104,476
-925,834
887,-497
-786,52
-70,-129
774,2
589,-403
-111,-638
233,661
653,-165
-428,-929
670,708
748,316
677,-538
429,577
-445,-168
-64,653
893,489
309,911
476,-275
912,783
-702,949
179,-278
329,551
-243,-661
-193,-365
-145,-941
-42,376
379,598
335,5
-128,35
-392,-642
404,819
880,922
899,994
-885,-856
-86,431
-592,-84
709,788
974,-520
-266,566
81,100
406,843
-745,153
-871,-999
137,-492
-596,248
-694,624
749,-160
86,-161
-403,633
-434,-767
22,-212
-341,871
76,-418
180,-233
735,-151
-77,892
-313,967
-753,-597
-263,906
-569,852
-628,508
-446,-832
779,407
-424,961
-538,-712
-550,-502
-237,74
-861,-210
-874,999
299,713
-134,-368
-812,904
909,452
-540,313
-345,-65
-415,480
-118,606
-858,-234
231,-60
68,730
-151,-460
419,89
796,-283
753,645
-837,520
-664,-238
-365,39
175,589
-271,574
651,-654
-120,288
853,-738
136,640
451,-75
379,-757
-880,-278
-974,-536
772,287
115,550
-52,-42
358,-783
-780,7
166,319
-348,-493
-187,-551
-214,336
-106,-231
908,63
-665,-154
-912,80
95,587
192,813
452,803
-941,-186
-832,-111
-842,251
191,-337
-750,-661
376,-703
-347,412
60,-305
380,-303
16,45
218,-350
-974,281
-133,317
641,73
663,47
60,964
-170,-385
-51,-386
5,459
-159,63
677,-105
380,-818
144,-121
-512,-373
760,-720
-105,742
-388,-110
-456,-192
-661,-89
-351,804
363,-832
-365,408
237,308
6,-302
249,678
-921,-533
-212,764
-52,-175
510,-730
-67,273
-266,259
-211,-495
128,100
-637,-2
894,734
199,-568
438,312
93,106
46,-691
-67,278
-380,905
241,-978
36,-152
-879,-985
800,-34
-706,593
-224,-961
451,-259
11,-706
-115,645
954,362
-371,-475
-1000,850
-701,-83
-828,-105
324,-963
723,-929
-562,220
-836,-850
-803,-335
-821,578
-368,685
427,965
-354,-93
-151,-708
843,-683
-388,475
887,-725
749,-52
-527,-592
-447,-803
938,-428
-184,357
300,480
-663,111
583,-679
-627,-380
921,-172
193,891
-868,567
902,576
-848,138
757,175
929,930
395,555
-718,853
523,-459
437,-81
501,-963
185,-253
-1000,996
4,838
-665,137
879,925
-437,-150
-179,-602
525,-49
258,363
447,922
456,-670
-553,871
904,-302
96,584
103,-707
-350,-249
788,659
783,-54
-934,-552
-998,-1
404,551
-189,-745
-461,-740
-179,536
-80,-475
858,628
684,-996
-557,443
781,905
984,-449
484,997
916,11
-646,-405
416,-867
899,949
-603,-475
137,173
-456,-160
378,41
334,194
983,-172
471,783
157,-762
-915,-283
-636,-362
-277,-220
606,553
592,435
101,486
749,-36
797,-423
295,-723
45,741
-702,704
517,-452
-198,-315
605,136
876,102
355,-870
-923,-543
716,558
37,-219
5,140
352,89
-602,-307
601,-957
738,648
877,642
-896,-887
-7,989
-64,-753
255,505
481,-425
854,-926
-46,308
-313,-197
397,667
619,233
591,225
380,-918
636,-807
-636,-884
889,896
-455,492
-853,571
-757,665
292,-716
-11,-373
239,580
-217,951
486,272
769,-569
433,699
-943,761
-432,680
198,-138
601,726
735,-341
-390,-345
-400,261
-485,784
148,583
-561,817
856,-253
-632,262
-367,121
-872,-973
-229,-270
-119,699
673,80
-292,-74
-130,425
674,-281
-666,26
220,-42
-892,298
-506,129
43,999
-735,-478
-779,-77
450,-169
-329,817
-273,-184
616,-793
-203,-117
-50,131
-627,-908
848,93
470,661
-168,-702
673,-890
-134,-993
-867,852
-598,-276
-882,-97
411,-104
160,606
-466,287
-455,761
498,538
-295,-926
-942,54
-715,-96
-166,-998
583,641
-753,410
-343,-99
733,632
884,383
-141,804
213,-931
66,905
-20,707
-373,-645
-939,-542
33,727
764,-436
-790,363
413,-282
-816,-52
495,784
139,966
-107,-863
-89,-332
473,354
-891,956
-421,-2
-325,-268
756,-78
216,578
-743,-342
-95,728
683,-455
194,-598
915,155
-429,-345
-171,-795
-358,7
138,-675
229,-494
239,988
426,395
808,-829
-958,92
-603,238
-742,984
-525,390
536,44
731,472
995,-918
947,-328
-496,-369
102,-306
240,324
-237,-72
344,709
861,-827
370,580
-65,-690
-156,630
-56,537
511,-391
411,-173
-209,70
-150,-178
-301,-791
803,-56
-416,-816
-547,-117
800,82
356,-465
-536,791
523,-372
73,87
661,-529
19,754
466,-213
146,-387
-404,354
267,-526
-361,431
-457,839
737,331
850,-612
438,995
460,-417
-457,-56
538,-299
-323,-864
-941,-241
-338,-267
-889,-821
-983,197
-923,-520
354,-620
709,-338
345,598
332,-359
-810,71
-204,-126
965,-875
-142,748
788,359
725,794
916,649
-872,321
-802,247
-350,-671
835,480
689,-425
-726,555
439,-388
712,860
-307,728
608,-201
-477,-630
-937,965
146,-206
-347,-785
-810,893
-675,848
684,881
199,-578
-55,-313
-220,461
-531,-385
-655,152
719,-763
-36,-479
-719,-297
-375,-614
538,-572
845,623
-804,608
83,-112
-349,540
-190,-37
798,-262
-735,543
-215,441
-544,-585
-446,-337
172,263
853,871
444,-420
147,931
-974,301
370,-695
555,981
165,-615
247,-613
560,-356
190,-766
800,1000
448,887
-807,803
510,-875
610,-329
204,342
458,85
-859,-208
-588,-872
-308,643
-124,-872
-418,-558
-674,0
475,-704
-964,-894
164,159
-746,351
405,789
-165,510
-229,141
-377,700
876,-610
-447,890
223,102
-630,841
685,418
171,-307
-932,734
738,531
681,-848
95,580
572,333
-347,-435
-281,-692
970,-421
-506,-162
340,-190
-379,-860
-539,-982
190,-936
-514,385
-370,-863
-214,11
835,-66
-824,695
110,102
-703,-200
500,-515
-416,-331
-163,-733
-688,605
100,-535
492,656
610,678
-915,-871
-884,-260
-618,546
955,352
439,-164
-476,263
234,12
33,-856
-356,-263
784,498
-512,841
-775,-576
-561,-657
116,-473
-941,383
-595,-488
547,-345
719,219
202,13
322,875
-335,886
-737,-838
-905,912
-437,-203
-226,990
-810,770
-660,-271
-186,-494
-356,-557
-580,989
750,-549
283,889
-96,-793
-420,87
166,-985
-143,482
-823,-509
-783,-978
648,451
-626,-299
251,-197
841,-91
60,-905
-607,723
427,-71
578,641
-984,-35
-869,-896
-755,-24
-283,-450
100,-115
785,-926
43,154
-803,-224
176,-166
-833,732
987,966
-618,-293
566,454
-406,-97
-848,68
-928,-684
-344,313
-114,-61
10,890
785,710
451,-443
-950,-922
-137,-581
-689,695
659,976
857,372
-895,127
-881,-746
-866,298
-14,260
133,273
-157,636
-69,-484
15,-977
439,0
-205,733
-815,-144
40,353
420,-323
255,-42
-694,450
61,333
-515,908
-343,-729
519,-143
-300,798
148,843
124,-677
481,704
-712,665
69,988
983,-612
583,-587
-500,-160
894,783
-618,-478
861,358
-50,-801
-781,-228
-244,-320
-842,-307
-136,79
218,347
-858,240
241,100
547,-752
829,179
574,921
-362,962
-363,945
546,162
-534,-403
275,957
-600,158
-630,-938
44,-770
693,491
20,-163
-450,-204
-76,-219
-426,-823
-812,-284
-138,145
850,139
-737,-330
860,-802
652,-311
-284,-482
-212,196
922,253
-187,670
-316,694
-384,-748
129,-597
-625,-415
-599,-101
-986,-818
86,-867
843,339
-96,665
572,-619
-94,-148
638,-242
679,-495
-937,-603
-906,371
223,-239
418,-505
940,890
-881,569
-507,-746
172,858
887,-494
991,-747
-854,-718
-221,964
949,-458
-90,589
843,-604
-631,-123
587,7
-639,155
865,926
-592,-575
294,-395
622,914
188,459
788,-141
7,936
-595,-809
114,890
317,188
83,-172
-355,650
177,-126
672,-783
-838,775
59,984
-477,-262
-962,-428
976,974
989,125
863,459
157,948
-68,698
202,995
132,577
-645,861
568,428
963,323
369,-491
474,-994
903,94
64,467
814,-436
284,-793
-689,369
-399,71
266,428
107,-456
632,268
-130,-883
929,170
921,753
-719,340
356,912
-320,-837
-874,805
559,4
362,824
632,892
114,-656
-820,-185
468,-706
951,-908
-779,-390
584,39
849,-797
878,343
526,206
-687,516
-245,-311
-198,-149
211,772
-736,370
-324,-550
-406,7
739,131
-458,-250
-849,18
580,903
-556,-798
36,224
-60,-789
862,-105
51,254
-650,-361
-522,-430
901,912
587,633
-224,-975
-76,-694
-236,55
895,670
235,565
315,52
36,129
927,27
-821,727
-837,443
98,-250
-76,162
-935,43
-513,674
-735,475
-85,325
-402,150
-351,-268
-707,-806
-161,-424
553,37
565,-41
-886,-899
453,792
391,-435
398,-915
4,-974
256,-768
525,376
-69,301
124,713
-550,317
186,734
354,164
-397,861
-75,1
-542,-768
615,-184
-24,266
-187,-872
300,-259
7,620
-516,-426
-780,465
-915,665
-323,-773
-932,569
-124,677
-461,873
234,443
574,806
291,-849
693,-189
970,659
-49,650
-565,-642
490,385
-930,394
-171,-905
201,-843
808,97
-940,-180
-464,497
-191,595
650,23
-731,-317
-123,510
-751,776
472,69
-868,675
-907,-188
963,667
-486,-640
-579,931
-754,538
-134,-249
273,-487
-576,218
-789,273
-142,-728
-407,-632
74,230
-23,-642
609,-495
211,-406
-344,270
977,154
539,-839
-525,748
607,912
-179,907
-746,-755
58,914
816,242
343,-478
941,-546
-549,-610
-50,-971
823,-405
-27,44
404,394
-286,890
413,-681
-797,29
420,393
-524,-240
-179,917
-591,286
950,22
-71,454
-498,-812
-160,-628
427,-8
281,25
-160,-860
727,-821
-815,-195
-913,-929
533,-24
-335,-292
-779,-103
158,-253
767,311
-372,-128
-644,-101
-208,-429
544,581
61,-480
463,760
-893,-256
912,-883
-973,-899
-582,-615
-856,-789
-213,34
-502,-477
722,798
393,-338
-35,827
233,-54
-76,-8
785,923
-148,-562
-81,-830
193,-163
581,303
665,32
-197,-238
717,-254
-218,577
-386,420
573,203
-272,379
474,-127
-468,-419
935,-296
798,744
-869,-967
477,-407
606,889
-844,705
-774,890
-504,-993
601,571
368,211
-744,-748
613,-732
180,-270
-603,781
-160,611
-860,-535
135,186
-536,-309
909,-376
-142,-367
-984,859
833,-579
965,232
-897,-869
545,638
947,-688
-229,-843
-247,656
-589,612
-844,-288
422,-349
94,-642
-955,-257
29,9
-587,-733
-932,-273
698,-704
-312,-517
-733,835
523,798
432,717
87,-477
-532,320
946,-909
-195,47
253,-609
-832,361
350,-921
-296,-12
40,-232
-859,-473
-544,-854
-432,177
-394,69
381,459
349,579
234,-481
296,-169
600,-2
394,51
874,-970
966,655
809,146
-853,640
826,834
802,-989
-705,-307
-880,626
-955,-165
-602,-859
873,-545
336,-932
69,-804
-119,953
-851,19
-221,363
-788,-104
673,503
-502,-574
-961,-145
-637,-265
-531,832
-429,513
562,-116
664,-299
-450,914
646,375
891,920
888,967
-512,945
891,319
461,948
247,458
-715,236
-983,588
-291,-538
913,-355
715,585
26,-162
-850,398
-115,-394
-33,-676
-848,644
-195,578
539,748
-833,-887
-160,733
567,271
-119,815
865,-925
-845,-854
904,583
-237,354
-734,199
104,-981
-188,-9
451,511
293,-687
587,-678
823,196
464,-716
-755,-703
-780,-930
818,624
-356,-24
659,-351
-340,-825
428,614
-228,699
-696,468
878,-738
322,550
19,-426
431,-840
-320,516
749,804
-11,-604
-154,356
-990,472
-760,642
451,682
229,-332
998,212
322,888
-96,803
-7,672
-590,-744
968,10
-249,-300
-631,64
563,992
-529,-399
-312,-19
-241,570
68,-894
-901,-396
533,-633
934,-897
663,755
-863,900
-178,12
-860,-97
263,-941
-849,-711
75,-807
-289,891
587,-151
492,587
-515,960
-547,-509
525,-363
-734,712
654,678
16,-46
-203,318
-395,32
477,8
533,-722
145,-909
90,-969
-107,152
997,-176
-511,775
640,-57
-254,-724
-317,-767
-546,-87
760,-318
-31,147
-166,332
653,-648
606,797
705,412
945,358
694,-611
449,8
-390,836
287,-829
84,199
-132,-183
-733,267
365,686
913,-235
998,-511
-813,-74
-132,483
275,512
-354,-165
982,763
596,-119
101,775
651,832
-318,-603
1000,-865
793,216
-346,532
633,959
-671,883
-531,-735
463,632
-82,235
493,232
281,-655
-461,-835
98,625
799,-843
-581,406
378,284
-329,370
648,-144
-1000,284
-854,550
-576,-301
902,-44
791,-464
-812,30
-968,-9
570,332
-880,802
-404,427
-653,-287
-925,394
-307,-278
12,-305
-817,-472
-760,116
835,350
-807,-968
433,994
691,650
-812,684
-616,603
765,-914
750,-183
734,-334
630,-724
960,325
-834,-157
973,278
267,83
403,-583
815,253
818,-282
791,-615
-594,610
-192,-585
-621,-626
-303,-534
784,-468
8,55
924,617
990,-800
119,890
540,273
508,-349
-310,-25
-475,-607
-961,-202
6,311
722,-629
400,191
747,608
542,172
680,207
-707,316
75,-160
-310,214
-139,725
-608,928
13,864
499,-262
981,-667
-834,438
-214,810
-902,-635
-154,-613
-580,3
-983,354
-612,511
792,64
-8,-559
0,417
-176,873
-884,677
356,45
-522,829
313,-622
-484,782
535,-484
-794,507
435,-808
-476,-230
651,-666
-958,78
177,784
643,531
-737,452
-526,222
-172,-564
516,702
-779,597
-435,-253
690,639
141,536
-627,-587
267,-762
343,-622
-924,639
-595,-715
-2,556
800,820
-759,663
998,486
-966,-97
168,-293
640,-622
-670,405
-51,507
-135,-710
-34,-549
-513,139
822,-66
-844,-486
888,-961
-538,700
911,206
656,127
-787,422
291,936
-257,14
-638,-277
-757,-319
441,-954
-966,-948
-624,207
608,-484
-819,192
829,278
-685,378
-768,920
-187,-689
938,452
146,-225
666,447
-168,-136
269,-163
636,479
-79,-966
94,-761
-517,-416
946,925
600,-573
423,129
711,733
110,-480
62,60
-859,-86
-255,-517
-100,-697
-990,-585
98,-996
630,222
-10,-757
-833,107
858,-848
-700,383
932,73
698,-249
-977,-124
-211,82
-742,-819
-652,-784
709,645
46,342
-834,-375
-373,-761
-396,698
-545,303
-438,-892
419,-140
288,259
270,-511
432,983
-142,-204
533,-337
474,955
-936,-216
581,-350
536,394
-22,759
-946,-983
-650,698
-897,590
310,151
-674,16
-408,14
130,-815
-607,-892
-520,338
551,982
-471,439
839,789
-697,53
990,-878
-367,573
25,-918
-796,-896
396,64
733,-76
-392,785
-535,-77
-88,-65
-690,-350
-550,972
-216,-618
-164,-780
27,111
948,800
-191,-854
635,-29
937,-966
805,-537
407,-805
-132,-512
593,474
840,455
-426,32
-576,684
-712,662
488,770
128,502
468,612
-971,-734
24,908
2,449
786,-545
-810,520
140,20
739,268
977,-654
34,-543
626,-208
493,-993
-99,256
221,-261
-270,-39
3,-900
714,364
344,-180
908,-354
-506,598
114,-1000
-432,-544
-564,723
235,431
-702,698
-587,-658
-50,-486
-852,602
-898,-306
-521,29
127,-342
-356,-979
399,103
-359,-528
704,-874
-727,-88
143,251
555,-906
-803,949
53,-375
-697,-961
618,562
-559,-721
379,912
-745,-482
-535,603
-296,-53
151,-489
-272,992
-860,613
633,-914
641,18
-456,-548
544,-580
879,-28
-558,635
-964,-674
888,849
464,-261
-392,-285
305,-625
737,789
54,180
-290,78
128,817
-961,293
206,-412
366,-57
-959,342
101,537
663,-643
-412,-267
919,380
991,-723
-671,906
431,273
-922,-89
-110,-633
-128,678
-314,562
-537,-428
-172,-201
-45,-108
-886,46
811,-187
739,662
429,186
759,836
489,-66
971,260
-886,-422
519,931
841,131
312,-818
936,-975
117,-838
689,691
477,-374
-245,761
-485,585
959,-84
384,426
115,142
407,-357
460,916
664,-769
-401,-470
-660,-590
-872,-53
-226,-486
-235,-997
-845,-72
714,939
-930,-196
-181,777
-797,862
865,-857
844,12
-453,-655
-277,-420
-174,857
459,-168
-172,-872
593,-763
921,607
400,67
288,-703
-637,-289
-720,-144
652,-893
-664,-748
-711,-348
-488,-618
-794,-824
505,748
913,242
895,-655
167,-65
-906,-743
-659,-628
4,677
789,-753
446,-31
-99,753
-205,-148
817,795
891,-126
391,928
-865,-137
-579,-251
263,148
-661,995
-730,-660
986,-917
166,865
174,-665
-867,999
-396,-991
-850,-12
411,-856
-501,-565
684,-268
181,358
161,635
315,-757
608,108
369,838
-474,289
-25,702
-485,647
-156,173
258,-27
473,-769
-36,-395
-680,-193
-784,-692
693,-937
-221,745
932,571
-103,564
228,874
840,105
827,-635
409,-240
-720,621
-417,-297
699,972
-184,147
-608,-150
-228,910
853,-215
-897,312
-855,932
-917,-853
-684,-304
908,-456
-658,570
-465,-136
300,-751
896,336
551,922
748,549
-886,371
-401,-271
932,683
-5,-600
403,-438
-199,365
507,-457
762,-641
-968,-318
-269,758
570,-337
-86,-98
50,494
56,-202
802,-945
903,931
-4,-494
453,-707
-196,162
478,-853
-880,5
-700,205
-649,-221
-274,638
-768,-585
-27,987
280,-395
-928,413
779,37
133,-731
514,802
-654,654
-560,-740
-219,109
199,938
-582,58
470,-980
-593,-193
13,527
-522,-67
964,-915
-751,754
711,348
-714,655
20,537
-373,-76
600,685
-83,-33
-361,395
474,670
-97,-813
-301,-433
-704,113
-312,491
801,-264
64,-696
141,-519
-288,-865
769,-689
318,-251
-828,346
388,26
-309,-244
465,-481
-683,616
-720,56
-47,-237
-795,289
-458,-197
-528,-215
553,-390
-305,561
-705,-818
-245,-126
-259,-91
-890,-57
975,704
-464,206
717,745
233,697
272,-192
-117,321
588,804
859,321
-392,365
656,278
44,-73
-470,-146
206,776
-646,726
905,607
-979,-638
403,883
-408,-946
-320,456
296,-237
-65,-542
964,-741
308,-547
111,716
-850,434
249,-644
-546,-329
264,-36
902,440
415,-998
-94,992
-409,-337
966,-971
906,162
-128,-235
-996,998
-151,-588
-175,193
82,46
-96,-564
124,-400
476,140
708,170
547,-781
-211,-607
984,-628
769,-419
186,-424
-956,340
-735,813
-505,-244
-226,-867
225,-809
712,-642
401,-177
-471,-461
13,-522
654,-149
-900,-73
-986,-517
-776,-796
-907,574
38,-82
751,-679
-854,-72
11,-533
-465,-782
913,-682
-887,564
-346,-866
349,898
82,-30
996,-981
366,581
-523,-511
11,-271
-250,-550
-793,23
-64,-128
-247,-38
176,926
-826,117
715,-660
-725,-597
950,654
-99,-564
961,103
559,938
840,-846
365,-123
-153,-206
-122,-867
-633,196
316,-548
376,-726
883,-84
620,-636
-998,-179
-303,724
320,446
257,818
-275,-345
913,373
-692,401
506,-109
-794,-670
-711,-505
615,-136
-391,902
-560,-197
376,508
-193,-262
-767,317
-294,-4
-472,860
-89,-665
-750,189
196,873
20,-499
623,-695
-57,-275
-288,-862
-574,-455
-537,-713
-693,-937
-509,-56
84,579
423,-756
457,588
618,-390
-487,595
236,-640
635,-121
-246,-697
584,804
-565,-59
915,441
140,-319
120,365
-555,725
-369,719
886,651
341,-158
-305,-492
-68,935
662,-137
-840,-850
-908,-833
-280,454
367,-8
31,-547
367,646
438,-989
-135,480
-836,334
465,205
310,302
787,-315
291,-466
-392,98
664,-379
-100,-526
-354,419
-772,-432
2,522
827,-660
761,322
-134,620
185,-776
542,-725
-284,-871
834,-319
-936,510
433,-799
-345,873
730,-913
-716,-408
-420,425
787,-774
744,-664
-392,42
547,588
417,641
-887,492
35,-959
-756,137
100,-574
304,489
885,-71
-510,961
77,-396
-876,676
80,-797
863,-81
345,-986
402,481
-262,-949
-341,-4
-308,-780
-439,-974
-473,-390
-203,-501
-292,-419
-61,-744
-478,495
485,-705
-53,987
285,-973
-386,605
-841,-463
991,-981
87,578
-192,280
-439,-913
628,-247
533,-419
-622,514
-164,-971
768,921
236,346
168,-964
957,-303
932,-910
836,-527
-425,-697
270,-124
-281,-293
-304,62
-803,808
-500,-14
93,-962
788,-988
-915,953
137,-641
909,124
971,-748
882,-371
-107,841
-390,131
-987,-411
-135,-300
497,566
249,151
707,844
-776,401
-934,-580
27,572
358,-537
887,-861
-565,862
810,-715
-890,-246
4,-352
-434,102
-103,558
-971,-516
916,-636
157,834
148,834
-157,-663
386,0
-504,512
-398,-190
-973,-802
-61,842
-291,-561
-113,10
375,-382
-678,-705
-259,648
-148,215
211,176
-154,-271
194,285
302,-815
-242,101
-3,-578
-990,914
-90,596
854,374
-465,362
-999,-295
254,802
-999,-951
658,-189
981,-520
-940,50
-696,-575
-791,-550
170,-694
931,358
932,559
-231,733
357,-411
-346,-590
866,-654
843,627
-572,746
180,625
435,152
-132,-881
704,-568
-188,164
468,-942
-563,-829
-602,-937
-451,-244
-983,958
597,378
962,-211
793,307
538,-838
-537,321
-623,-310
-705,892
57,196
-453,856
699,-375
-981,840
642,774
627,-244
353,-401
446,-621
-585,411
-625,-573
265,798
420,-852
187,-823
947,-865
715,679
-431,-461
-476,-54
423,894
-464,456
-916,-864
-34,847
-91,-504
-912,302
821,323
7,-710
562,895
-470,942
-699,-498
722,-566
535,-955
420,-334
595,973
669,200
918,-63
170,-318
727,-239
-793,-636
-313,440
584,528
-890,889
-201,693
811,304
-427,967
-834,-975
-143,-846
309,112
-461,597
475,105
-655,-767
81,388
89,840
337,814
24,-782
25,886
-921,685
-237,192
-87,665
-240,94
773,-851
-575,-186
849,-944
-686,502
-997,-804
404,-218
-912,-111
-174,956
-673,747
212,786
291,878
-754,445
692,33
-116,-402
-732,812
-159,-792
776,181
-19,-2
204,18
-362,506
-112,239
-577,-152
-391,525
-756,876
937,-173
956,12
879,710
990,-209
413,-366
-20,211
-351,-116
15,-941
863,-641
778,-842
568,42
-825,-842
-879,-258
-13,296
-630,959
-217,451
693,778
-158,-379
130,740
-838,-604
655,205
333,283
507,-772
217,584
804,462
475,552
50,514
-865,-641
-136,614
888,-646
-370,774
-308,494
-962,554
-102,-902
-41,-466
865,464
277,-152
-35,413
730,977
721,400
-876,211
-487,-91
-143,468
55,-690
-714,542
-642,-664
-454,-966
774,-441
-647,380
756,876
-312,-31
-702,-372
514,233
498,964
562,310
-894,464
-67,-137
-514,-269
-744,-698
-786,376
776,657
615,566
-410,-745
-576,-729
-388,477
60,-723
-195,968
432,277
-734,-528
572,-101
-834,663
-697,-961
203,-169
461,309
871,979
-313,-487
-711,710
-950,583
947,-918
617,606
627,13
833,-997
466,219
856,236
728,-565
542,935
-768,-972
54,496
-528,777
514,536
-176,657
-239,944
-709,825
-820,774
84,-227
874,66
-605,974
641,-48
290,620
-621,-588
299,-303
176,-313
-534,-267
-762,49
-579,-365
33,469
-287,341
610,562
722,231
152,578
578,-160
-897,851
71,679
-57,-977
119,-986
-366,838
271,748
641,-459
883,627
-213,-533
868,-852
-58,-902
21,820
631,-237
-376,279
7,494
432,-155
-166,-420
-87,-475
-511,164
-967,-701
582,-428
480,-363
708,-57
-554,42
264,-390
-748,195
-624,-408
-400,757
-469,-485
619,-126
628,-779
309,194
-1,607
-960,406
-220,-887
387,-426
553,-275
-902,-997
-537,-322
-365,-456
589,-782
-336,410
-781,607
646,-218
-293,375
-107,704
54,208
-809,-781
317,790
-740,389
513,763
-157,-655
-36,714
-87,510
205,574
771,-624
341,-370
-482,-459
452,-152
973,-283
-872,225
-610,906
-159,353
517,520
601,739
76,-323
-305,140
-686,-879
889,-214
-152,-119
-784,16
857,-247
228,-302
524,875
656,-721
-456,829
743,-668
-64,-590
-253,-602
-648,-532
-664,114
-638,270
950,42
150,-636
102,-738
668,-393
260,-176
187,-155
-213,309
-432,91
-760,-929
-402,981
445,38
449,899
-600,893
-588,-846
490,686
91,-427
-895,806
427,678
71,-269
67,659
-579,-798
234,-223
201,-826
232,-580
-687,86
166,-579
795,721
-844,-224
794,-653
-769,-688
-712,49
-335,-539
-113,583
-611,854
89,865
241,-211
615,-142
-699,-216
305,-591
-709,-568
952,-430
192,163
302,750
308,-659
142,604
148,-387
643,-319
378,-780
-900,993
-438,890
-412,413
-343,-9
301,-400
-309,768
-204,-800
746,609
100,-60
321,828
397,-231
874,227
713,-72
97,961
373,341
-173,-644
397,406
192,-42
138,979
-642,-522
-227,694
-38,-911
-436,270
-707,-988
540,-122
750,-483
-68,237
-384,276
-777,-357
-582,-219
170,-273
226,876
162,73
473,106
-556,-104
276,-525
1000,-860
845,590
-735,-267
86,-329
843,973
245,-168
-987,996
381,774
-967,9
-470,416
275,-305
-619,-331
615,-461
669,-171
411,-714
-414,-337
-110,-963
-813,507
28,-494
555,552
74,-265
220,-686
-298,381
-645,458
239,223
-820,118
-41,-495
181,979
564,-914
-530,-936
-795,118
-502,-719
-173,-630
-125,-137
541,-806
929,-56
-651,-940
62,-27
-906,483
738,-611
624,-823
-15,699
654,-868
266,-690
-97,509
432,-905
128,293
-571,-193
397,-913
927,744
288,-201
-5,620
-298,699
-319,-860
776,-938
45,968
-746,-866
446,412
-215,-835
-798,896
-750,645
-544,640
-400,-521
577,-733
-191,-557
-864,631
874,120
-910,228
-860,-95
611,-20
722,577
729,-578
-796,-290
932,-353
-170,277
-188,429
-492,-756
-778,978
-409,303
-204,-909
-742,-937
966,3
-768,30
-363,683
43,-39
-886,-983
-170,816
590,535
12,944
859,766
-168,-173
697,-660
-901,282
-977,-775
819,-534
-355,-851
-563,541
-345,608
-586,-809
-446,340
546,-178
223,835
721,727
244,-595
-302,-556
-943,464
-707,14
825,-292
438,771
697,53
-715,-830
137,-703
937,70
599,12
-980,273
-426,987
-534,-92
826,644
-269,-160
-117,633
-723,-425
-252,-984
-883,-997
-850,-827
197,-351
-988,995
174,-545
854,156
426,-374
179,-103
975,750
34,753
857,-551
103,-819
-299,-79
-873,135
443,567
-938,19
-458,352
-546,183
566,118
418,68
685,956
568,-65
659,221
677,-442
-430,788
949,382
-225,-141
-789,496
-165,175
-298,131
404,-307
959,-985
-832,620
-520,-962
-104,-800
958,-707
211,-463
-875,56
724,875
-399,-985
346,368
-869,-116
393,-412
-294,-159
-809,-307
22,443
-807,-383
-556,-764
637,604
1,-251
331,-466
-229,165
-90,519
486,542
-890,735
377,-125
-323,247
520,-150
-534,542
299,-16
459,-925
-705,507
515,-507
-696,95
515,-750
304,99
-706,-828
-530,154
49,583
62,407
-737,668
-938,76
961,472
-884,-204
999,-728
753,400
478,-235
-440,-883
-915,165
-762,718
-969,142
-804,-538
-190,-671
368,-701
436,-907
445,-135
451,870
-340,-887
-385,204
919,659
61,82
46,461
-459,-63
-499,-424
177,569
330,343
-544,372
78,-662
-312,-581
311,-711
658,-432
696,172
928,453
289,-772
351,-263
-404,846
277,-455
966,-527
-889,992
976,432
-417,-987
-122,332
57,-564
537,76
-331,419
-182,47
-52,483
810,982
978,364
-697,-324
-358,640
357,392
-555,-622
94,-125
-290,263
203,868
531,68
864,-609
499,94
-9,141
-464,760
419,16
-483,190
-215,692
-300,771
147,-411
-206,842
-924,50
-87,477
994,575
-764,120
-837,-586
505,-183
-303,-231
979,247
-132,-579
-63,-272
-691,-405
-439,502
-172,65
-338,401
377,-885
779,-604
-651,502
-720,376
491,-236
-487,801
436,-886
-198,-17
602,-610
932,868
-306,982
980,911
235,-693
267,517
67,235
208,-918
639,-953
-201,-974
-311,-609
746,-593
295,356
-470,-130
373,469
918,-4
-210,810
-903,555
359,-171
594,-403
-79,900
453,704
-702,-824
-52,-676
-196,352
-36,-1
65,975
450,115
934,442
-862,-847
893,-973
-512,599
-329,-71
750,-433
-895,-497
433,857
-22,-591
-152,49
-473,-653
207,405
-275,794
909,856
788,-634
106,110
544,-566
264,-778
-689,229
-521,144
342,-511
689,-310
536,23
-302,-745
-586,-924
-487,-740
180,430
276,-195
-715,-697
-473,139
-644,-146
-961,-847
441,122
945,490
-815,987
216,-11
-454,127
350,800
665,-928
-711,274
-963,-877
-379,-608
-166,59
317,-111
608,-121
-704,-492
93,-600
630,-755
-275,333
873,-722
48,418
339,590
236,-706
-269,820
-623,330
503,-921
-980,-971
-347,-182
130,-415
220,366
729,919
-808,287
-170,-477
-126,337
467,-837
459,337
115,693
-864,-719
-818,-668
447,-48
659,-756
-15,901
-776,993
-236,441
422,-330
136,-47
492,-67
613,785
543,859
864,54
850,43
-772,516
47,-697
748,-333
-227,-710
372,671
846,-734
-69,487
-969,4
-650,-168
991,730
829,-21
580,744
302,97
-706,665
-928,694
-513,665
451,-836
937,-470
87,866
779,278
767,899
-564,774
569,728
791,183
-886,-448
-22,-687
-457,-864
787,-496
-520,-733
-683,-529
109,689
-298,263
-569,246
635,-701
-614,-978
-107,763
493,203
970,-562
880,-4
814,373
-168,481
-572,407
-160,-903
-269,294
-93,-522
977,662
-878,-303
-779,929
-633,-879
-297,-507
-746,-788
102,69
685,512
756,776
861,-299
288,769
-320,-433
-941,118
-626,946
189,699
354,260
521,402
-373,-58
-132,-134
265,-898
-978,-932
-255,227
118,-909
211,-671
707,-782
-500,186
-183,985
465,-822
-940,-700
180,190
262,452
-117,-330
195,-281
549,711
401,-671
52,129
673,-408
-531,158
51,-887
-365,-48
661,199
-967,188
-694,112
16,-41
207,-552
53,-559
893,91
-556,-501
169,-443
-540,-158
-248,861
-71,-863
-643,971
-993,34
269,799
-607,678
-9,384
-307,216
-500,-528
-302,-295
451,-372
-83,-878
-430,865
607,-377
-598,-812
-332,98
562,964
-39,462
994,-888
577,-386
169,-679
-889,45
895,-156
-564,-116
819,854
-485,217
160,-192
-299,114
327,855
-586,769
-45,-316
0,-870
540,747
388,183
-713,-665
-479,678
-601,-537
-22,-706
-493,-904
-793,-693
-772,856
917,-440
886,-970
-254,790
-306,-727
-486,477
488,577
266,-59
8,-711
-501,468
-580,-318
470,-255
378,355
-247,199
-833,-813
-620,449
7,626
-597,653
-399,357
538,201
107,-237
939,181
-494,527
597,-626
-750,-664
641,-48
381,-593
-23,-518
-828,-182
453,-970
-182,51
-989,216
-673,710
-650,644
430,994
777,-910
89,288
643,187
-535,-927
602,585
241,324
391,688
900,382
-942,-898
584,-844
510,789
121,397
961,-346
-4,-682
-644,-458
591,-759
31,502
-814,-14
-12,891
431,-604
-30,-365
181,618
917,112
-613,82
491,-210
-943,942
980,880
-768,255
-723,280
-26,198
-333,886
199,963
-68,992
736,934
-930,-266
-5,-774
729,-341
928,-178
-732,-325
764,251
-665,-740
-136,-347
-450,785
24,270
-666,218
369,545
492,469
755,155
-457,-767
-387,-911
210,-88
-781,723
747,-738
378,-448
-357,526
-899,784
-211,-608
-497,117
156,53
125,468
-508,-81
-413,402
-168,971
995,263
-735,-952
-716,-968
-288,-18
-611,-609
-713,510
832,758
-458,-508
-927,957
598,-839
682,482
844,-965
-455,-618
779,422
60,-644
-78,-859
-162,-608
822,260
-323,817
-808,-474
612,236
-508,-809
841,-818
596,156
920,172
-208,126
-776,-55
-795,-124
-483,-856
695,101
569,533
297,899
285,51
365,-496
568,274
-837,-235
258,630
73,204
-851,-387
-544,-350
-176,145
-847,-565
-334,167
612,149
963,112
-525,-293
661,135
595,-628
-757,-431
744,876
-149,550
543,852
387,-258
-43,-691
408,-43
-286,183
-68,-107
-670,-703
-63,-834
629,-336
733,-699
-479,642
-793,-728
-660,-810
356,49
209,303
-662,-995
-835,-984
-588,-440
62,-820
370,58
312,-151
123,123
599,-537
-666,-486
-886,581
423,280
-110,521
-719,-868
-752,-500
-171,433
678,873
-14,-793
573,823
-388,555
-544,-994
-696,748
452,855
-906,-488
-640,-900
-347,998
372,123
-527,-488
-584,-45
462,519
437,537
-440,-658
238,-719
609,75
997,-308
-909,397
-567,798
937,187
665,-603
-72,601
-18,853
425,-798
847,177
-294,507
252,142
-585,-977
633,70
-654,-280
947,-230
-226,-199
-505,48
269,-350
25,-832
215,486
-863,912
655,-82
-571,-108
-855,-182
96,-358
-858,-464
952,883
-317,-990
-726,-207
-141,633
600,-489
400,-152
-110,922
-203,-837
242,-304
-338,-956
406,-188
-641,-987
-120,83
-261,800
719,-937
847,840
-137,-513
647,-558
-482,485
838,69
915,-754
558,531
784,163
534,-673
-501,770
-504,945
-110,-441
-760,-576
250,671
-129,545
-277,370
-14,-7
-600,906
-26,-720
410,956
-816,-281
257,410
-983,-551
420,211
-699,-428
155,284
539,-109
-270,113
153,-702
982,981
741,265
-686,443
629,-213
-794,181
-930,495
-351,234
-82,241
-806,658
605,176
475,-847
273,131
-700,-191
-123,496
897,847
877,595
-548,-303
476,40
-45,-125
-581,121
-956,399
678,-738
996,-871
264,906
-165,-197
302,488
624,936
714,559
-53,-633
19,74
-913,441
575,61
-841,762
-146,-536
-138,938
-753,-447
-415,889
-24,-309
-873,-874
911,23
400,-933
554,-248
-169,-925
-31,-106
-441,-423
-23,-940
-290,-629
-565,-318
942,-85
965,899
-968,-384
-234,-330
1,-491
486,10
156,-710
155,-519
250,-586
-408,616
537,-297
-486,891
-191,-449
686,-93
-375,520
816,179
-434,-501
21,862
153,-879
415,922
-64,686
628,71
-796,-453
77,222
-96,212
463,616
-214,366
-618,-133
-192,787
-674,73
366,-308
224,963
-806,329
-116,277
-760,62
686,-468
-780,228
-108,-285
807,248
-634,-325
560,304
412,744
-291,-728
215,420
-667,-383
755,432
-178,895
-47,-189
794,-461
-339,731
788,527
444,-882
-436,-523
-45,-298
162,212
-239,-804
-764,358
-334,542
294,-19
829,79
339,172
-238,-674
984,-660
278,-747
721,-22
181,13
101,95
446,8
-916,656
-7,-1
-852,-582
957,-102
815,83
-106,607
659,-607
741,624
115,781
292,-253
126,-856
-292,417
730,533
884,148
653,-430
-116,302
-380,-235
677,-639
-540,-869
806,-578
961,268
103,470
-521,18
-856,-102
-532,-906
433,-170
-998,-535
550,-442
675,-591
-412,-590
836,794
-73,993
-705,887
-117,62
-605,4
294,-562
-435,971
-49,91
312,-281
220,851
552,-978
77,171
956,-383
91,736
-993,439
571,121
-227,607
-95,130
-423,-825
339,-131
-512,-565
-473,-389
-700,230
-297,806
991,-530
448,682
-141,675
753,-402
538,-389
-480,-364
728,-73
959,859
140,217
595,571
-984,-220
139,556
-349,-120
-925,-846
-736,814
-432,177
409,117
-660,505
622,-398
803,844
943,944
119,397
36,651
-802,-655
-979,-302
954,-5
949,-667
578,-508
929,-912
-283,268
592,833
-195,942
-638,-896
-269,-588
824,544
-572,-474
376,-777
522,-674
-211,-509
758,254
842,500
341,671
-458,367
263,-840
-451,-369
562,158
-321,215
607,428
-973,379
-295,70
-878,-105
153,183
-486,-586
-309,558
-98,371
-580,410
-174,-529
-973,-562
-399,-518
-249,-206
75,368
329,-113
230,-690
200,239
-835,-78
897,-877
383,-201
-299,-238
30,-627
976,674
642,10
-456,-344
434,-186
-541,482
-619,463
454,906
-924,440
255,988
471,-528
385,854
-355,333
834,-121
972,233
460,698
675,869
-409,-906
572,-588
78,372
557,597
434,277
-692,881
-535,-740
186,-479
191,700
817,181
-562,-578
569,863
-34,591
705,852
72,642
-339,-832
777,-633
222,214
-149,583
-796,149
-173,-840
-803,121
-862,-392
-650,905
458,-945
-908,210
42,-999
99,603
622,-197
-926,432
109,-212
19,-789
17,-94
641,326
442,-476
-680,-240
239,816
-629,432
-196,-585
224,-854
294,-396
-577,-458
866,678
-153,386
-751,-203
656,983
-608,68
-584,-290
3,96
178,919
-837,568
802,-839
69,968
148,424
200,-628
140,806
224,-188
-592,-458
-43,-203
418,-769
256,739
785,549
39,809
824,-339
-616,-330
-26,945
970,859
892,594
326,-51
-157,299
486,-166
572,-689
-108,-60
868,319
-881,-845
333,974
452,-398
823,-884
-410,661
-781,767
-485,-198
910,939
939,-837
446,-117
-632,-397
194,-419
949,65
372,-257
547,-967
500,884
-917,-605
-170,816
-991,-378
-912,244
-477,-569
312,700
-606,-636
385,-882
-888,3
-381,327
616,154
977,-223
-377,942
-527,699
-538,-64
-428,-142
-711,584
-408,-436
-502,950
36,191
-611,-651
80,-980
815,483
614,-119
222,76
81,-324
-493,456
419,-796
-71,888
916,-662
-664,-247
-259,229
940,-128
31,21
383,-80
-141,698
-240,-220
766,-253
-761,185
244,666
-451,-55
901,506
335,-762
-379,903
647,845
-491,-676
2,-366
932,-426
-955,-672
-877,-934
275,735
-126,-581
238,328
-373,-42
986,306
578,-149
-988,-42
47,1000
-136,-277
-235,199
-612,-616
-800,595
918,-904
141,-861
105,165
-599,761
406,-639
-92,794
-129,581
-481,157
931,-245
-355,-473
-977,-676
-105,-529
552,336
-309,129
-125,-577
-100,342
-834,56
-744,-908
758,998
70,241
-848,-522
-867,-845
37,-655
-106,438
-901,-153
-111,-181
346,-302
51,-505
-886,-425
992,931
-290,49
-419,-346
-268,261
-477,-600
-898,540
262,-140
197,-199
827,628
452,-176
401,214
-982,199
-431,-834
868,-498
848,-839
366,-287
820,652
-677,-956
353,335
-219,750
700,-827
279,-902
239,184
-762,971
457,313
839,-969
-97,711
-797,657
-443,33
-91,536
973,-968
208,982
-970,-73
-937,33
-96,-527
-288,-819
350,219
-274,-821
904,-293
196,-577
194,-937
927,-847
-202,70
-336,-484
386,321
-232,783
273,861
-119,-739
-602,136
-359,-77
-717,-575
-2,-550
-298,-975
198,72
241,540
-40,-750
-665,-991
-827,-447
-736,710
914,-203
171,-581
-696,-845
-397,508
-478,-182
653,-581
582,802
-112,-704
-461,-671
562,442
935,-396
406,304
-339,-109
926,-448
758,-180
965,427
323,680
-539,383
-323,216
-655,-339
-66,118
414,281
731,-952
-627,484
357,5
867,-340
-857,-786
118,-578
-442,887
817,-717
-920,-939
-264,-446
-702,178
-410,-169
447,324
-10,-42
-320,-677
50,977
430,560
793,-331
-238,-31
-118,174
683,-267
97,87
-87,-636
-267,-880
947,834
545,-407
-645,543
-885,954
170,976
-596,939
-526,210
695,-184
746,352
-606,519
-776,443
19,-715
-320,-973
580,-34
-704,45
954,706
-163,684
-839,-247
594,-60
784,35
-707,-300
356,-339
-10,699
674,178
-595,739
880,-243
-295,-243
733,746
-556,-527
344,616
897,-855
-851,70
52,-117
-285,290
-301,893
-53,-43
-785,254
-202,-888
979,608
261,-722
15,664
-608,-477
735,271
-244,-371
-973,-707
-201,124
-402,-495
428,-285
-115,127
-709,147
696,-838
-641,989
971,400
852,639
471,75
289,327
-363,-564
530,-468
72,-771
-525,-679
-299,-828
-940,997
-893,346
185,723
-212,-803
-702,-292
116,759
-729,926
-683,-593
-181,512
505,51
391,316
-749,564
-277,654
-454,384
-159,207
-220,182
730,473
-240,475
776,303
-810,508
-337,310
904,324
407,235
245,528
-276,-434
-544,-665
765,753
886,829
-462,-910
385,-990
-224,238
-470,-673
-460,829
543,-973
-608,360
72,-211
834,469
-783,192
-734,-742
-367,920
101,220
-90,-105
-806,127
284,160
833,-107
549,-930
-121,-91
-540,-805
-558,-991
-602,-304
-7,545
-974,-516
307,-502
349,-416
892,95
-867,-531
934,-959
791,-421
-168,572
130,-429
-324,333
-462,-505
-439,103
739,-622
-391,-765
-273,548
-949,-532
952,381
-254,-801
905,71
691,190
-664,327
-872,-155
-612,-294
734,-727
-205,-864
363,-973
-34,785
890,711
-168,721
35,-757
-354,421
-679,808
-583,418
386,-81
-21,702
195,331
744,618
-955,981
394,793
96,-694
304,-469
-737,891
419,391
-820,-226
850,-131
-738,241
996,29
-224,851
372,505
559,162
-12,60
-52,-230
479,-752
44,-191
-524,-704
1,-878
-356,-523
-354,685
553,303
-479,-180
-773,578
-701,959
284,791
985,-203
613,-550
248,-222
371,428
-802,662
-109,-534
-894,971
86,324
-4,334
-47,-810
-505,-338
421,717
-683,690
242,-202
15,-446
335,362
320,-941
-399,359
21,-703
-580,585
51,850
654,152
-651,406
-556,-543
-367,258
337,-402
-533,-37
187,-265
-610,-750
-811,220
397,97
518,-203
604,478
727,-125
-745,218
688,832
368,-452
923,-856
-202,-863
591,698
-604,-93
-316,936
-446,904
-324,528
472,115
-130,996
-963,748
-272,533
-997,53
-543,-945
-595,-154
-4,4
-458,983
300,646
710,251
-176,-89
-472,-144
-959,-993
881,741
543,-882
-680,-755
290,683
-359,-650
763,-989
-153,920
135,-97
456,-356
-135,-854
-836,585
626,-124
54,67
979,-210
-997,-711
440,880
620,242
-479,867
271,-209
587,-998
231,-79
769,641
261,971
936,559
-943,-128
-351,-218
-107,-116
-795,409
218,-392
-749,231
-862,-383
988,195
-437,86
36,-944
-596,-361
-815,-243
-377,-435
890,251
-149,935
310,372
384,-824
-210,984
-656,114
-357,-53
-371,-659
457,-67
-479,-380
875,-398
-720,161
-334,575
754,885
105,-667
-948,-669
354,-715
-987,-812
297,-744
512,-125
636,-763
-763,-479
167,-223
-407,-485
-817,243
11,-586
638,43
713,-223
-11,-790
-531,12
-779,-831
-524,-661
220,-254
851,-421
-827,952
596,-748
442,545
-793,-108
884,-231
-934,-729
-958,-285
469,621
-702,880
-761,73
874,391
826,-637
573,16
453,-140
-326,609
503,992
464,450
589,956
-217,150
-727,-704
387,379
-737,-599
-155,-238
540,-659
431,101
-215,418
-965,843
608,839
-370,-135
-571,772
-428,-835
635,190
211,147
-721,209
-660,352
-249,327
-70,611
407,-399
-285,-981
764,-625
-706,375
-161,-559
-708,81
-682,-701
903,403
-722,344
78,-825
251,-279
138,-278
-594,-868
637,545
-201,242
544,856
694,558
-813,-210
118,57
899,219
366,-244
-542,-698
353,803
-350,-683
-117,-29
899,283
-816,397
188,-11
-832,-274
871,318
915,-188
-295,-122
-114,-655
665,-582
382,698
-289,317
-254,-8
-579,725
-243,22
67,-477
108,-626
458,587
-256,579
-756,-180
729,954
849,229
-36,198
-372,-502
-127,418
86,-974
-117,-603
717,348
719,-580
-903,-256
474,273
-876,-526
-39,703
-611,382
374,-579
557,-612
256,-863
-516,757
790,-561
66,-898
-368,-471
4,-803
617,156
-422,172
-595,-125
-44,47
383,494
651,-969
-544,-425
-230,46
-751,-110
152,-168
-112,988
-6,-620
623,-611
969,-391
462,-858
66,470
321,926
575,299
319,423
567,-382
-200,256
534,-357
-869,-495
-858,299
267,644
-252,-245
-860,-849
-227,-927
671,939
801,-764
-358,-485
-582,481
-176,989
-878,-823
-702,674
58,-192
-760,221
695,173
910,-321
733,656
114,-89
-937,255
-269,-669
-149,-850
-576,-236
-992,-837
899,-396
786,468
-458,-810
-958,-703
-182,794
-171,387
833,-288
79,-65
2,-977
-750,-537
-466,-268
653,719
222,258
818,192
434,152
677,-797
-806,20
404,-877
844,32
913,156
998,35
227,-186
251,-273
-866,391
694,486
-182,-322
251,-130
794,130
449,-51
173,-427
376,-549
-107,-827
-972,117
721,639
-896,144
13,-625
-790,-422
576,753
-478,88
822,-967
-665,256
898,-144
227,-889
34,-614
-582,920
-741,347
-119,-405
-312,-426
819,411
728,-369
596,-857
-512,80
-750,843
-228,-424
936,-780
-566,286
-349,870
-436,45
279,699
539,643
-246,-59
-417,-920
649,529
402,288
320,103
359,-119
-220,-453
157,-454
48,451
870,-645
708,295
610,650
-547,869
27,95
-19,233
735,772
-984,-87
164,566
-388,-205
-270,554
543,563
-813,-17
-61,-563
43,719
-754,276
872,805
613,325
320,205
981,-992
78,-903
273,518
-762,-99
-654,-583
421,-931
902,-692
-508,411
726,-169
-732,-314
-211,-423
596,-412
905,808
329,133
355,-446
523,31
563,794
-252,-219
445,-217
681,375
977,541
41,454
-92,101
986,-236
481,-346
-968,491
-734,968
-553,290
-950,820
-655,709
-352,921
700,-473
43,-560
415,862
-890,492
250,-543
326,595
-289,959
-137,-25
-84,590
-67,815
-32,292
-207,-396
-478,145
413,-36
814,-40
20,-713
130,797
49,-526
-461,-521
-798,809
563,452
585,-928
-293,13
40,-948
68,-370
-937,518
536,-60
-285,-325
616,-344
527,-49
347,-955
-173,671
-786,132
-45,264
-645,-746
-537,609
284,-684
641,-704
742,-710
315,-150
542,261
-18,922
924,992
919,-952
-887,-895
508,-643
-157,-942
352,221
-653,646
563,105
-1000,-579
233,987
-790,339
-924,429
-426,500
619,531
-790,625
843,416
922,412
195,478
146,282
-866,630
42,-416
379,812
913,-494
-362,-248
960,-865
892,839
312,-571
831,-855
-889,386
-899,799
450,332
328,-481
157,646
-674,-703
473,509
-817,144
-38,-110
-149,-421
282,445
-81,857
629,-92
743,-454
-64,-780
41,342
-359,819
-234,779
146,-721
-217,-973
-839,-357
931,115
668,-683
-876,11
-266,522
-234,-632
620,909
-130,-652
183,-559
-186,-589
-291,-58
92,338
-563,954
463,206
-410,-526
-610,942
-301,-5
175,747
198,-659
130,-976
553,703
-199,232
-732,-319
-882,-890
892,124
-210,-169
-302,-219
723,652
329,722
-450,-607
-486,-661
227,-690
-621,-240
790,435
-235,-176
-370,-611
652,748
729,-854
896,13
372,852
-87,13
-442,-92
23,908
315,-981
50,598
532,738
159,-717
385,-339
-830,931
143,225
-688,-35
-551,-37
-727,-83
264,615
129,-501
290,-879
474,784
963,-846
-749,503
473,931
567,-774
62,144
-281,276
-650,269
190,-770
595,-11
0,-570
-516,-716
276,-703
915,-883
695,418
-904,-342
258,-123
989,822
-779,296
-418,526
-972,122
-743,-280
708,627
-244,584
-632,-811
652,-174
949,-749
-81,339
-668,76
-380,-903
686,-767
420,808
11,-456
308,-586
85,106
353,392
709,-591
-16,-294
-70,-172
685,-853
933,845
673,23
395,473
-311,974
425,389
933,698
-697,-289
-165,954
-779,-712
-19,40
-304,-479
354,-601
-732,-61
864,659
-394,-631
227,-312
-722,-281
-907,623
-621,416
417,305
81,-743
-119,834
898,348
-638,-699
883,861
211,329
124,-762
497,128
-893,558
-897,90
-811,137
72,31
-888,200
102,910
-410,-755
-112,-316
476,200
571,513
691,-636
32,854
609,-682
-877,282
-387,-627
626,-361
-834,195
297,157
379,-483
-664,-702
538,211
-918,55
-422,-846
-791,-391
-714,-117
993,780
-301,-463
-634,659
202,-851
-817,515
722,-432
-528,828
464,-829
-149,776
850,-804
258,168
-242,729
540,797
652,60
-849,152
-541,128
-44,-258
-836,-859
769,664
-141,384
-555,598
351,194
-61,-592
314,-513
-49,-927
0,-529
-951,349
111,843
-790,807
578,997
830,413
-159,695
-831,911
437,-970
-744,-88
550,-642
900,147
-989,-623
304,-40
351,-938
-532,439
774,754
993,469
-561,-355
-801,-63
286,449
-270,-368
-949,509
-942,321
172,-55
-250,606
-710,787
286,-933
182,604
-821,-41
574,-695
-506,-571
-966,-72
-287,-983
751,147
-330,-574
-421,-454
962,-548
508,-373
-124,600
-744,3
-732,-357
897,249
-311,-542
-685,-854
980,-904
421,-159
-548,-285
491,-142
737,-826
-719,671
-389,989
60,662
-902,180
-505,532
-453,900
290,925
91,-355
-777,332
-219,795
851,5
364,11
-312,-978
-895,-208
931,977
58,-651
703,665
-456,873
434,-396
209,309
360,319
-830,628
103,425
-63,811
-932,408
-117,-840
551,270
483,725
-801,-426
895,-734
507,920
-387,-505
334,544
-694,-286
807,266
426,-555
308,355
-107,-924
-20,-829
434,581
-754,27
-91,481
-139,-752
-297,-757
-618,-244
451,-893
-384,769
-32,861
-143,406
-91,62
209,-135
782,386
978,583
-145,105
-62,-338
317,-538
-212,-409
903,101
56,802
691,688
-990,-97
-607,722
287,-194
-820,359
-245,620
300,-787
-849,856
486,-374
-395,-955
-291,-530
820,253
34,413
185,-566
-113,590
-126,583
639,-104
-488,44
822,-882
380,589
258,268
-112,484
967,-820
671,500
271,-853
-231,-130
0,802
104,-381
972,127
-954,-774
236,-257
890,-221
-353,-781
-409,-496
-867,94
49,-390
-64,379
-201,722
894,-785
391,-972
147,14
-696,-349
867,375
-860,351
89,-467
-665,630
278,631
103,-880
-538,-83
480,742
246,574
30,263
-808,205
618,-400
-652,626
-240,54
68,91
-428,-517
797,-194
-662,995
907,-558
391,329
191,169
-206,565
-378,498
-652,829
350,111
-672,120
446,535
129,863
936,-999
-77,547
403,406
-803,-750
-793,-86
854,-899
-891,-635
-536,230
532,143
-201,-844
-917,929
402,-496
728,-7
867,-592
71,939
901,-985
-354,-69
815,549
-266,-538
587,-86
413,487
540,674
456,468
-63,620
-73,204
-2,-292
-643,-146
-557,673
716,-886
297,405
165,530
-319,473
835,954
555,845
-821,792
574,235
-335,289
-317,-421
234,-665
201,660
-217,558
-458,-843
738,-764
800,-210
-590,835
-324,-218
-514,354
679,-598
757,333
-849,862
21,772
899,-36
406,800
-333,-517
-787,-309
-26,992
-14,462
944,845
918,-796
608,-712
-661,-65
-763,696
355,-72
-108,942
-205,47
934,-221
758,-490
-771,502
130,492
345,-691
-469,904
-966,-168
-489,-152
200,-97
-680,-660
-320,138
681,-755
340,299
-228,-317
-925,537
498,-459
-962,-678
-530,-24
-478,343
-78,207
-122,64
789,786
-429,275
-508,38
349,526
-211,633
-751,-577
-453,758
-916,119
490,592
725,476
531,244
-205,-550
713,534
-912,647
890,625
87,630
-128,821
-753,103
648,-154
-249,-462
-295,-721
386,626
373,-286
-752,-753
441,34
-120,-507
-809,818
548,-263
-42,-249
473,316
609,906
864,-136
980,-450
199,767
-658,617
61,-142
46,-236
-808,-364
-204,771
667,491
-200,670
194,-242
908,798
-711,-349
767,376
844,329
109,118
-869,662
-531,-709
983,264
-665,-825
-75,223
-543,-387
-661,-457
535,-510
-272,277
-947,78
-253,688
831,888
-208,-354
-950,45
-37,387
400,-119
974,381
-699,867
487,532
770,-674
-899,-131
515,626
775,-431
-843,806
654,201
936,207
-183,-393
528,893
278,-110
142,662
712,641
-768,748
-992,664
-808,345
-714,-548
664,893
-45,-969
417,-394
-77,-414
938,-280
-14,-998
17,961
-857,886
-180,-720
-373,123
-538,-438
-841,461
-684,-987
-476,-548
508,-412
-862,-741
-270,167
-31,-360
-15,-139
781,792
-331,-717
26,-470
863,-636
816,-380
629,-326
126,621
-610,113
915,-637
800,-634
-820,-9
-567,-300
-516,-736
577,443
-492,804
-124,-882
-677,984
-750,-726
-37,813
-846,-841
-884,-732
-507,512
601,-475
-101,-42
796,408
-994,27
767,303
620,441
-50,-467
-736,529
-993,588
333,-480
447,458
915,279
446,-536
-931,-37
-281,-108
833,13
-993,-417
994,430
-37,-916
-893,43
-51,0
294,636
520,787
-363,893
-387,-190
818,976
-663,-414
-265,-370
36,-938
-883,605
225,437
812,-931
112,-733
906,268
149,-329
-703,-105
-459,-580
694,-870
-605,-296
488,-496
-639,81
2,-61
173,566
-503,-566
703,-743
794,333
-467,124
520,-471
726,-341
-884,-428
363,420
848,294
652,722
-583,943
-672,70
147,719
-204,-586
494,939
-726,692
-927,682
-803,12
-471,999
-251,-656
-398,871
-992,-139
-367,-851
-702,-403
-823,-456
701,769
-978,786
993,200
-876,-11
-766,-915
-51,799
-536,-882
969,-75
126,-379
-194,-746
-900,689
265,-689
899,983
840,-57
-988,375
370,-731
-114,-903
782,-646
69,-697
352,418
138,322
-746,-656
-658,242
369,203
291,125
-188,430
-536,807
470,68
866,544
-315,542
-159,948
-289,-99
791,-426
-496,-442
-905,610
-353,378
-37,-705
378,-351
-156,-402
-24,308
-549,240
540,-17
357,991
-271,-561
447,938
-493,279
-915,826
-993,212
-736,-77
-135,-119
-210,-647
671,299
269,-428
-221,-356
894,-286
-760,-942
266,-505
-934,153
-436,440
-960,658
175,-334
-682,837
-799,-434
-928,874
237,-766
-170,-257
-444,-858
491,786
-889,-574
-411,38
-74,882
-922,-693
230,311
300,928
716,-685
590,-405
-322,-12
527,-158
328,750
132,-397
923,-180
-858,184
-339,949
-727,123
-918,-297
-263,-229
-957,638
-998,676
-169,239
59,-141
-79,937
-597,458
-231,40
-972,694
291,472
673,934
63,-10
850,-760
-836,154
672,217
779,-503
-828,528
562,-961
-171,4
-923,-696
-281,314
-796,-163
-889,225
-680,-903
83,360
50,738
-965,132
-27,-15
-12,471
72,-103
-234,276
71,-782
-135,-850
-798,-66
980,-451
367,914
-841,973
-808,-958
51,180
635,-292
-133,-823
-65,246
-808,543
854,899
-214,-970
-77,-584
-379,982
-193,-938
227,541
-908,753
-442,-216
-199,-984
373,848
722,824
-164,874
-794,585
-191,826
77,-935
434,-569
-819,233
57,-79
662,565
757,-838
560,962
-747,680
-945,-602
-74,924
877,652
-390,-723
732,94
79,-702
-918,1000
270,128
917,-167
-425,-490
-910,947
-74,897
28,412
-653,-726
849,-726
862,601
282,955
-294,281
427,-98
-827,798
785,-725
639,856
-558,375
375,-527
-496,900
-51,-980
824,-853
-920,929
590,-611
89,-40
-982,45
593,-607
146,-123
-521,772
-577,35
-68,-193
500,342
867,930
941,685
315,-418
846,579
7,-240
804,-941
407,-314
-375,-60
561,448
-149,-573
555,480
101,-902
-83,-889
991,996
-440,117
-180,-81
67,50
468,240
558,420
320,-816
-819,-1000
813,-225
-199,786
-902,97
370,126
-452,-233
-486,52
33,-245
184,-552
-122,-864
729,-506
-645,753
507,67
12,815
-608,579
75,-513
-475,-289
241,902
-703,323
-616,-958
735,829
83,-19
-841,-557
311,-394
953,-612
-435,-552
989,733
-619,-68
-704,546
-791,-474
151,-395
186,414
-941,-667
-776,-764
1000,-573
-970,91
-419,-315
974,3
247,-613
20,-369
278,-658
170,-318
327,34
-284,-883
440,391
-167,-1
-30,81
-970,535
-204,479
52,362
-161,-732
480,-613
-749,437
-573,-240
543,-643
895,-521
311,-338
-195,339
-330,920
3,-769
-508,363
31,548
28,-633
-365,670
763,601
117,589
-410,-992
500,979
710,121
859,-922
-98,-776
-166,575
745,919
638,997
-774,978
-135,-471
582,282
-152,837
340,-435
-372,-263
273,-100
-365,744
439,-731
-309,623
459,-909
776,795
-181,435
427,600
-599,558
224,-415
979,-800
388,-810
630,-292
925,-456
628,51
55,504
-174,43
33,-794
-334,-506
204,-974
379,-312
974,-560
-948,659
814,786
329,-89
-98,-735
589,310
492,841
955,-323
188,-184
-976,279
783,-782
-336,-213
837,692
-487,182
-205,221
40,266
572,902
707,-606
-21,535
-544,-464
-36,-797
-42,42
934,-370
-86,667
353,-22
-986,769
-845,939
-383,614
-508,-3
-773,-549
426,-44
717,-541
193,417
486,298
-169,355
-892,-70
-855,-929
-918,903
736,824
60,584
82,833
-312,495
401,78
-462,495
-75,-776
-532,454
-326,-614
-296,11
-618,-674
-429,727
-938,437
531,-104
-470,-80
-321,353
743,-435
991,-698
-893,-760
-764,-71
-835,463
-714,558
404,-965
422,-889
-579,-200
915,307
835,865
-999,940
364,575
-938,765
-65,-719
372,753
304,686
967,645
-131,543
-737,-913
855,-505
114,864
436,791
267,451
352,887
-268,-476
388,-200
424,759
696,992
-736,588
-184,155
-89,-644
-94,569
-660,-631
-310,307
-736,216
-738,693
396,943
243,563
733,441
967,-448
546,-756
626,945
-28,-395
-341,30
100,-763
425,699
763,-757
103,379
959,807
354,-373
-582,847
539,490
693,-376
-720,231
-391,-516
479,-39
159,-498
-203,-540
3,-131
222,786
475,227
-664,896
193,-545
861,-803
-355,368
-19,622
585,787
266,754
-434,-616
16,-594
266,-928
-470,-201
666,-910
737,-687
809,841
904,807
306,434
-185,-914
12,645
-509,-165
623,-82
-917,409
-514,76
-170,-862
-183,-31
553,654
940,311
232,521
630,-502
-79,-122
978,-732
970,-7
201,442
-669,-740
417,-280
-445,-542
257,-443
452,-188
-90,-664
917,546
462,-330
490,772
999,809
821,-507
953,-708
9,715
-590,-69
622,71
-865,251
144,-848
906,-432
780,437
-152,633
542,163
-222,-350
260,-107
634,-838
630,640
289,-55
-784,-603
484,-231
-808,391
171,191
-503,-43
212,404
-615,101
141,722
-253,-553
235,953
-551,-187
-651,-229
841,792
-324,95
-229,634
-344,302
490,148
475,-806
486,126
803,837
-244,-723
460,980
-743,807
902,313
-959,198
176,644
582,498
-574,636
944,392
-730,-887
223,-171
183,162
118,398
166,627
-354,-367
-729,601
-205,-469
-407,189
137,-28
761,-702
-882,204
650,708
-629,531
-480,797
339,964
252,896
264,-340
-665,-607
234,584
830,319
935,-734
570,442
434,950
473,-282
-985,327
606,-551
956,-151
-570,-281
-703,428
-780,528
136,-888
651,-478
-823,885
-224,485
-174,74
-312,-118
364,862
-633,-621
195,-947
-263,350
434,434
661,651
-993,753
-958,321
-466,-581
-103,472
-863,866
224,811
-441,-21
-204,-582
236,666
-737,-837
-776,-426
317,-663
683,743
395,-800
935,735
-111,-544
-727,-417
886,-531
-326,-68
-476,306
842,-306
116,-215
540,793
-299,-735
18,-466
873,451
-33,135
-475,-805
-202,876
-636,75
-318,-874
191,-529
921,-201
-644,-566
695,-99
-420,100
-615,974
690,363
735,402
726,-15
636,606
-590,-995
851,-683
171,-553
-532,923
-50,-988
504,708
-918,298
898,720
-999,-531
894,-975
-931,226
630,-4
-232,-305
-883,574
721,-299
929,-185
-10,-335
-109,744
-713,331
-636,-834
210,-437
-816,106
95,138
-281,-737
-109,237
156,-397
-533,-533
564,572
-38,739
-46,-707
21,-618
-793,-740
-166,609
-425,120
-424,721
756,413
808,-995
194,-881
-348,182
-600,-633
26,-954
83,103
-632,-438
545,-645
64,951
-360,776
560,-698
-444,235
428,-528
716,438
86,-595
-6,-543
-820,-901
-264,-717
-474,774
307,-463
53,-463
-935,-345
732,786
-417,810
975,173
905,-79
-152,715
-61,311
-339,-837
300,-279
312,649
83,418
889,-850
-315,718
363,-457
949,-824
643,-136
137,471
-734,560
-589,435
816,-229
412,645
-755,-996
401,684
883,-374
582,65
976,-21
-486,-475
-309,-104
-498,897
-849,-294
-85,-910
-384,-854
-831,-551
827,914
-5,484
-244,-332
-997,741
805,191
491,862
432,223
103,675
-610,-891
650,28
-424,700
572,-298
-819,-334
-369,77
-979,495
75,522
-72,-663
340,966
603,-666
-164,829
916,947
-838,-644
-942,562
486,-560
-184,-567
-766,361
-162,-157
751,811
884,-310
141,-614
56,527
153,4
334,695
12,-889
70,-609
-729,547
448,700
-385,-889
916,766
-743,-407
80,175
-966,-20
235,323
712,847
-908,-185
934,476
817,897
-212,114
-378,-179
293,-980
624,-74
665,-261
20,-481
-298,542
-442,946
-16,-587
484,918
-230,-567
124,779
-644,73
631,-582
591,178
-801,-373
-723,488
681,753
425,-612
-500,-434
-411,-244
770,209
742,66
-961,-90
179,0
-56,101
890,722
-762,521
-514,795
-736,-34
-784,-683
-325,-828
660,259
408,882
490,-25
-837,139
522,-147
611,-590
-791,-346
723,-876
-351,-209
-316,-206
957,-750
-179,587
42,-709
-180,-80
979,880
935,-524
920,-312
-404,113
-403,-556
803,402
-60,-634
-865,760
-621,-947
405,676
898,-817
-381,717
-33,-919
264,-252
880,797
-713,601
-115,990
-97,413
-801,-622
686,980
-846,-611
-391,-698
573,137
250,-702
841,-595
58,-620
866,282
-604,-825
38,127
962,809
-90,-637
-552,-647
-556,710
-128,775
711,-499
855,685
380,422
141,-714
847,-277
-739,-452
-791,542
353,-377
-595,-483
-202,6
321,732
-536,196
511,471
-936,-753
76,54
242,-894
-27,128
196,390
621,-816
-229,-276
-910,909
-839,843
-155,-637
-188,-80
-136,-574
422,374
661,344
251,91
-981,8
-8,997
-344,-807
642,903
521,702
428,-193
-212,659
774,-751
-481,-74
35,-13
592,-768
-680,-812
-33,-982
172,-213
111,-133
-448,-680
-282,-711
287,947
-461,867
-831,796
754,-911
813,859
728,76
-576,-736
197,-308
-791,-187
-919,-898
539,-378
298,-947
-461,109
332,762
-45,912
-821,667
-23,-505
432,84
-950,-589
-15,-656
-484,-828
-850,-620
-822,-839
-107,-307
-90,-978
-42,-287
914,-663
516,-550
638,853
-646,233
713,283
-842,49
166,-247
62,-965
220,279
-19,-620
-856,-85
-817,629
686,-352
141,-140
-94,-742
-837,-883
578,-510
810,55
954,420
510,-396
491,-581
474,-249
-721,823
132,-564
-16,742
64,-445
-706,-993
652,-707
-343,766
-733,423
-471,-266
141,-528
-223,782
-235,-954
873,-809
936,-273
647,815
-261,562
933,-118
699,516
438,729
128,-349
413,172
-440,171
247,-926
-845,896
655,-531
400,529
834,330
641,-940
53,144
-435,-344
-149,-414
-413,-347
834,687
779,498
807,113
672,-751
81,812
826,96
-660,-805
-515,-248
708,-75
-174,-895
-778,157
648,-670
-82,-550
-198,219
-352,-803
-676,-976
-871,-506
-496,-185
583,-328
159,-866
-425,-266
76,-967
-759,573
524,-257
-783,-100
-496,-441
-934,-333
949,-508
602,142
521,-110
-390,670
908,-808
-971,327
844,352
-597,197
-491,-996
-327,26
918,756
-815,-239
271,842
322,823
-999,-477
805,642
306,347
-238,976
135,-645
149,-283
520,-946
-291,103
-208,694
-717,252
134,-768
-863,-909
864,-301
118,-673
992,449
-525,877
-166,-142
-210,382
821,-507
-351,250
-118,46
-267,916
702,714
345,125
-110,77
838,-768
235,-828
34,855
-541,-428
907,-398
-504,518
-966,386
-396,-123
-885,-603
489,-873
318,896
-807,-242
-953,507
317,985
522,-254
98,-141
435,-319
-993,-202
-512,447
-978,521
296,-300
-942,-420
-451,-504
-910,-504
319,-45
-657,-403
44,-508
781,-449
149,-188
318,240
565,808
-426,-686
0,-377
250,-474
-242,-878
541,921
423,-452
-378,-418
784,-59
-466,326
682,-876
369,486
-348,-235
-174,767
-21,167
-135,619
405,-80
-490,-997
-34,-775
151,-484
676,589
448,-253
-514,67
974,642
-423,-976
-520,-792
193,-399
551,767
-229,736
-261,403
540,-203
-461,-316
-326,191
574,836
-502,36
433,-16
169,873
-98,862
-901,-16
-91,-673
438,740
450,-389
-552,-78
-957,-560
919,873
-746,-113
519,-232
730,198
-568,700
-595,879
-407,-992
574,-598
843,-424
-801,-941
-492,482
569,-594
175,-200
271,375
765,-463
464,-295
-787,447
128,-8
51,-518
693,86
-119,-82
-628,-589
-434,309
-561,-210
318,58
819,-377
-986,-428
159,409
-169,518
206,169
77,115
-580,-813
-641,826
40,211
390,-77
147,-955
505,659
-213,-659
-656,-900
940,-848
552,-158
-868,-593
58,166
-293,-492
306,199
-717,11
257,152
462,-53
-288,649
358,62
292,829
56,477
941,289
-75,-391
602,-704
238,-112
640,-167
551,681
482,708
-552,-579
664,273
-770,304
-914,799
560,-758
13,420
353,77
-656,656
201,215
-238,675
65,-535
-603,721
-950,-8
-694,185
-682,-324
-125,-558
795,488
813,86
799,-851
-414,-355
-819,302
926,7
256,-832
-650,-197
596,59
-184,146
258,432
-208,-811
-750,867
60,-156
-680,-275
-921,617
-538,-683
559,-609
790,-511
-868,286
-847,-352
505,-100
646,-833
516,267
-604,-334
-950,-593
-241,630
240,-938
726,-82
209,-254
779,-800
539,402
417,-332
-613,671
-660,26
-609,-159
243,-498
952,39
353,-133
-652,-657
-124,477
215,756
549,332
-466,621
809,-39
882,428
865,708
-902,28
-842,591
298,713
563,-517
-256,-658
-138,-81
46,-393
-309,492
-980,-790
547,-21
-718,-398
-317,-527
834,575
-89,636
334,-490
37,870
705,496
-317,-331
817,908
355,-42
-405,381
-459,597
-252,-124
426,-2
405,-339
553,-731
-841,-869
-52,202
136,176
95,726
-311,-363
-538,-361
572,636
420,96
334,226
649,-912
-27,-928
-821,873
-671,-467
652,-757
36,766
489,449
-774,-980
-663,-89
231,-649
-261,-338
-683,-727
89,190
479,-577
31,551
815,-101
-107,-735
-978,1
80,-832
-430,546
707,700
758,-899
594,793
619,603
-139,-581
-618,666
-284,-589
-993,-760
150,-809
814,-510
789,-371
39,-199
-26,336
-248,-749
-990,899
-87,-756
-316,434
997,-250
379,-166
-483,922
599,415
955,-256
-524,-327
-272,729
-953,-286
276,-96
-254,120
-467,417
-947,-435
-440,894
998,752
-375,-127
-677,239
-330,731
883,-61
855,991
-103,282
793,-258
493,519
806,-528
533,-612
-580,36
373,868
744,325
136,-78
-780,-67
762,79
-926,-791
-165,525
16,976
-926,-231
401,560
-739,-326
-367,554
127,-394
898,-413
787,869
-327,-352
502,-813
-294,-529
195,898
-435,185
34,-270
878,505
-165,752
-510,0
-523,409
-321,649
369,-729
-257,-64
-305,82
13,350
616,-883
-631,-619
-71,83
-311,414
787,923
-858,74
-189,-879
794,332
-849,-126
163,817
914,728
39,542
372,-813
379,-386
699,322
559,-298
-271,435
150,-119
-410,596
-795,946
-130,820
-386,856
866,78
319,-494
761,535
163,713
-617,-208
-867,142
421,-413
-757,-322
-683,108
-16,-516
-957,562
189,521
-864,30
-787,-768
549,966
-814,-122
356,-143
-528,303
414,-599
-312,486
-268,-327
583,885
120,190
-143,-244
724,446
209,-799
964,0
-254,-160
-233,578
-162,-242
-623,-996
773,474
514,-693
-492,421
-521,251
-215,933
-796,826
897,-951
924,-303
-61,-231
-711,200
658,-284
900,-570
911,147
431,-35
-797,52
555,198
630,-190
-832,804
-885,-78
44,-835
262,358
-639,-170
619,-178
-297,841
-923,878
-88,-693
-324,857
463,-237
-270,850
337,-46
513,783
-641,-252
359,-548
-645,923
-383,-284
-252,-654
927,196
313,-851
-287,-124
733,921
112,-938
-355,909
-895,-911
-573,993
465,-4
782,280
-390,-359
-797,-481
-550,-35
-445,195
580,-955
-341,461
970,-784
-990,-464
-860,162
-612,-697
833,-98
-226,394
-333,687
-795,-83
-17,-319
-398,105
-766,207
-569,776
199,-337
-423,-332
609,75
549,420
-128,-948
561,619
7,892
-931,-857
426,-144
-278,353
211,464
848,-374
-500,589
160,953
800,-162
-160,700
517,316
273,-738
-761,-650
-661,36
569,623
365,74
-552,235
-564,202
513,-953
-668,100
-740,-260
-772,-638
-842,-977
430,144
-234,-140
88,29
-868,910
775,617
-351,-917
-150,858
390,-891
-99,840
-589,-872
401,-835
499,-828
-210,-226
-271,-312
-91,250
187,62
109,973
-890,-512
-227,-445
619,-776
508,800
736,465
852,809
-17,431
666,-380
644,141
-50,-136
-338,-269
-737,-971
-760,862
458,-448
-640,-218
-379,27
238,-618
-736,887
947,-992
100,76
731,735
-302,823
-724,719
-539,-739
886,-316
-245,55
-659,915
-347,322
432,-30
-797,-821
-128,-915
851,-461
-939,-320
-156,320
393,-49
229,-454
98,-370
992,-341
320,-169
302,-188
47,-207
-362,446
817,-661
237,214
-531,-292
678,997
-734,-84
914,6
599,-45
-116,865
880,-67
41,612
-702,-352
539,-56
-816,795
-495,-662
-232,90
-320,-411
601,-964
-942,-608
-257,-427
819,-965
893,16
389,423
144,-804
396,-580
-452,141
-555,-239
52,407
-640,-802
400,-758
-866,637
178,791
22,-437
-592,-726
677,475
-91,661
328,213
-126,-483
-243,824
883,-710
984,-755
-810,-102
-406,898
-977,876
386,-165
553,972
-706,-23
726,-425
-693,221
-211,465
562,-443
671,-966
388,-376
664,700
812,-779
954,-471
-336,-4
-329,854
-819,881
626,461
830,918
-177,-589
-717,778
-591,-803
-60,-392
525,-129
-715,-469
-995,-547
617,160
-735,-581
-877,-681
457,1000
622,-536
-624,-749
-456,-170
-203,-633
-581,-975
312,210
-258,364
58,418
-753,-335
-947,-328
-144,205
228,-282
885,544
-261,-464
-665,-828
147,-884
43,-494
72,-306
685,-577
-719,757
792,193
991,953
766,-88
-875,825
-807,10
-145,-383
-197,-940
905,630
-893,737
454,124
-800,793
-261,636
-417,-773
-972,-768
137,803
333,-360
238,70
-19,-211
-314,-157
70,877
658,-782
630,639
-73,130
522,640
-847,89
8,796
766,927
261,753
798,112
334,256
345,-300
-190,663
-461,8
56,397
-267,-99
934,-824
892,-166
228,655
161,-967
86,-479
203,586
959,-731
948,257
363,898
-560,-863
345,-340
-316,232
735,-112
605,605
169,263
758,-618
666,927
481,232
428,-969
-517,72
928,-304
480,985
-91,-607
819,712
862,390
556,-918
-714,-749
204,141
-633,662
-453,-577
170,999
-547,567
-982,956
830,897
990,-345
-40,182
-778,665
-201,879
571,957
615,40
698,-234
-926,488
957,-863
-805,-483
664,-836
131,425
771,-903
-979,845
371,815
936,830
921,-464
-99,332
-535,-766
-583,111
-178,957
683,317
-948,-747
-859,925
546,-156
-77,-972
-752,767
-252,86
-240,-375
-974,-881
513,209
767,826
-343,-216
518,-285
406,-63
-345,387
-27,-701
-186,75
472,974
-827,472
365,705
-681,-926
898,366
366,957
-519,256
478,612
-233,201
4,-966
-105,271
217,686
-409,984
-877,556
276,-180
30,827
413,-265
533,330
162,566
-708,581
216,-708
10,-986
229,-114
-912,176
409,395
-627,823
-282,-86
-416,721
239,486
338,453
-576,-271
668,67
-548,-727
505,-890
-8,183
-405,-111
-804,505
464,410
-855,-341
269,-23
500,-811
-296,719
-527,126
-780,-54
-387,914
679,59
-596,444
-997,-530
-793,-206
697,433
249,694
-215,-54
-970,784
815,204
88,-569
944,-257
768,789
-983,-696
-935,-610
-663,-799
-661,598
377,-255
756,-377
-119,215
484,-82
770,-504
-211,-680
-851,35
936,-108
-908,196
-811,418
-543,394
-776,-768
-746,-277
912,-836
694,-649
-186,-269
133,525
947,432
-966,551
-355,596
-554,533
-397,-845
536,-191
-103,761
191,518
-991,686
-23,-355
-758,262
-144,-165
943,60
145,-122
628,553
73,-722
-850,59
669,424
585,-630
411,990
628,-157
960,898
399,-967
865,511
589,801
173,991
-708,-327
507,-793
-227,291
161,-399
-425,997
-199,423
-18,-603
443,-711
-941,-223
391,524
837,-256
244,-456
854,-5
-868,-916
-913,-136
689,-568
198,-502
-59,-862
846,-862
717,438
164,109
753,-291
-230,-313
-640,732
-646,-873
-227,824
-443,-681
214,-479
331,-842
-373,963
-737,48
-234,303
-225,-624
-741,-930
645,-340
-997,582
398,-230
719,189
-654,-908
-107,628
965,835
-779,545
408,844
-315,200
-386,-510
339,-589
904,-748
-390,612
-803,229
766,529
59,-725
944,-590
612,-384
842,-978
36,-550
-224,249
925,33
-31,-349
365,-385
-786,805
-767,-506
284,-738
-152,-686
-700,164
-325,840
-120,771
-606,-445
22,-410
-654,-825
962,685
51,277
-454,-398
-955,-857
-878,-577
877,-920
806,-663
84,-58
-952,-86
15,440
-59,929
-562,-490
-996,-106
-186,-329
556,831
726,-829
518,-22
-15,-295
-443,789
-476,525
365,-407
-281,951
191,50
60,-140
-863,-310
-127,-604
-987,-290
-532,-795
-157,-350
-322,452
940,-49
698,-581
673,564
321,680
401,13
474,123
119,-549
-951,980
-388,53
-237,-487
-999,-223
353,221
79,7
-434,-818
-374,939
-143,937
-345,587
-934,563
-967,853
576,106
283,-979
-550,-166
283,-628
-741,-590
862,964
-897,644
325,866
556,-719
-355,-742
-263,590
524,754
331,-107
-672,86
849,-191
-572,-6
-392,-644
728,292
-380,-623
-359,445
-647,-542
277,-543
973,-264
65,786
-762,-195
-93,264
795,192
-524,416
608,-691
491,910
-609,-134
436,357
-848,-770
-383,59
-605,-418
421,787
-494,-743
-657,272
-418,-131
131,807
-713,-453
632,-484
217,606
-257,-163
564,975
-897,454
-606,-586
-627,203
18,394
-255,-796
-370,948
-901,913
363,775
-90,33
-766,-447
193,-886
-49,241
89,-829
145,235
-326,111
891,-538
-855,-179
477,404
708,-176
-957,67
410,933
316,523
-839,878
-750,-126
-700,696
-810,-827
336,984
860,267
-225,-39
688,-512
-914,535
588,-851
-250,-447
403,389
87,175
-839,821
-231,-496
394,778
230,-643
238,43
144,943
498,838
188,726
39,-542
294,-977
350,938
-557,-527
-413,-637
-853,-224
313,135
-629,-828
-520,-416
490,-189
76,-14
760,-506
753,225
-297,-823
213,462
443,-391
-382,-438
-463,-173
-629,181
725,978
-8,-297
781,-237
-514,237
449,-135
-558,-426
793,186
-383,774
-407,228
-461,300
237,-55
136,419
686,851
994,459
984,-515
99,614
-884,-180
-664,-735
181,-225
-498,-16
-77,-411
735,628
-255,50
-792,946
82,-545
216,-722
820,293
583,407
83,943
-127,-510
697,-354
-958,-969
840,-310
-2,-673
239,233
971,75
-586,-635
850,-643
324,653
878,866
-131,736
-541,181
-623,-262
761,330
-777,311
969,-612
-140,-466
979,-469
730,-3
-850,752
-10,-666
604,926
201,15
-104,-585
-322,-369
963,852
243,36
483,-863
583,-330
820,750
-243,-96
-819,867
181,858
-934,513
-564,-58
-321,527
-571,-677
726,-126
-574,442
-717,-626
535,-212
-564,201
-495,28
-561,339
-193,542
-731,-512
-304,372
986,588
-984,332
-739,663
291,688
526,978
900,-595
710,-258
587,678
783,-353
-331,655
766,896
888,913
319,547
834,54
-516,565
960,120
989,809
112,723
-393,826
-585,762
-998,-708
-320,-767
448,-619
311,363
746,834
781,140
-545,490
622,-978
-273,370
-456,-773
-491,393
-45,-719
624,192
387,391
967,-276
-360,60
680,-153
-477,-86
-458,215
-517,48
893,-177
-389,331
754,193
431,469
838,204
70,-240
-524,-522
142,318
999,463
-183,-73
-431,-981
275,185
-758,-107
-786,52
-355,-950
-580,-20
766,85
-985,197
-746,-517
-452,-89
-880,726
131,609
-969,305
-801,258
-896,648
260,131
626,737
440,-849
-910,430
-670,59
-849,-981
-635,214
498,175
-954,-503
-339,328
-922,892
-592,270
-149,601
-808,492
843,248
-683,803
519,-257
620,-734
79,987
-802,314
986,962
-842,-617
168,98
303,16
197,-610
-286,-838
871,810
-802,-827
-219,-956
225,42
-919,982
435,474
-111,413
-160,-774
-826,568
-915,-795
-55,-587
718,-262
690,-837
738,528
52,-535
887,-69
-875,531
-837,723
183,-309
-91,813
737,554
-404,204
-29,-782
773,127
-379,-409
513,757
626,-217
283,493
936,-546
-697,-964
-678,-485
-732,729
-41,-154
84,710
-485,957
666,-620
-638,851
-300,560
-539,420
-480,-197
388,730
-978,891
-458,465
-129,-969
306,47
971,-770
-121,944
-724,-237
-991,976
-837,103
100,673
162,515
567,-612
206,783
896,-195
66,-936
-329,609
-426,226
-976,655
390,723
-760,-816
638,15
-28,10
-326,-236
184,0
-69,-997
780,629
-413,-583
-419,-358
-980,349
-379,-946
-563,-819
-463,924
112,379
-616,-499
165,878
-936,895
-869,-658
109,-94
-954,-454
-212,-327
302,-585
-971,-897
-501,205
-851,-455
345,53
346,626
-448,-169
368,-732
-736,-432
660,-182
-158,-267
-791,-149
202,519
-257,396
-724,696
-445,881
314,-507
841,-518
-723,-68
-80,-824
144,-926
-163,-38
-345,-58
858,208
-314,130
-266,-420
-416,334
-150,-596
-220,-366
364,-585
45,-372
-294,0
-334,-760
-789,796
-303,496
-97,98
662,-332
-949,-395
-216,477
-60,480
-725,403
-131,-728
897,208
-301,-577
632,-690
982,-167
698,810
-769,234
319,465
-395,655
415,242
-454,-51
-706,472
-301,-56
-807,519
-174,340
649,312
535,918
-920,643
-704,70
-169,668
-362,-108
-667,-42
-934,883
-951,415
-562,-161
-664,-688
131,273
-948,-160
-65,61
941,-891
-34,-671
-403,-881
537,-751
773,487
-984,-659
446,-657
-732,-23
541,-401
-975,-162
-10,-967
35,524
587,362
644,49
-861,810
560,710
-605,-801
-127,181
956,-718
348,-124
553,536
103,-883
-616,697
-210,-348
959,290
-986,7
314,-891
-28,262
672,-978
741,62
830,-40
-198,985
-463,503
304,504
-16,967
-67,18
18,-907
-747,393
-88,-707
-712,-325
82,-372
-480,-144
-13,-631
146,-487
70,-376
-976,-948
985,937
886,-293
169,-578
323,-417
917,-219
399,-500
-884,-452
882,-640
-661,-889
386,-546
-129,-205
-647,-146
-680,-427
990,201
-884,-444
-155,860
12,283
-995,-841
-514,808
60,-54
573,-88
-821,-244
-29,741
996,-456
670,396
230,-928
795,-554
892,-263
647,377
726,344
63,84
-321,76
-958,-133
-195,-337
-664,-337
425,412
133,-409
710,-694
714,-870
745,499
-187,-733
79,-134
-215,-614
145,-833
-44,777
-996,-922
-787,646
614,632
-646,571
-606,115
699,-856
-747,-847
-503,620
404,894
-911,-626
955,-639
323,-95
697,693
-839,-742
-171,89
982,-980
403,832
70,422
-259,-146
138,386
133,-42
158,915
-647,152
-654,553
-774,-259
359,-203
609,-278
507,-703
-995,467
-995,509
953,-696
294,574
313,-775
502,519
-44,197
745,-102
-387,138
399,528
503,-153
643,240
-476,266
-718,-221
-452,-730
-437,-216
848,-974
-112,331
-519,-114
-383,6
597,660
-98,12
-364,-518
401,916
-472,-360
267,-705
-517,-286
-376,84
65,863
694,888
849,312
-75,-845
339,-706
-880,343
563,781
-625,-387
101,0
-31,-495
-66,416
160,-693
512,-480
281,-866
-630,-636
753,-792
985,354
647,-597
580,-793
-90,-660
915,365
382,906
165,251
-990,349
-305,-76
-689,761
563,66
-930,139
-219,-79
-133,-70
-67,-793
-530,805
-17,-627
396,-638
-394,360
-413,984
225,-167
-194,103
860,-473
93,391
-794,301
797,666
-666,-272
609,-548
857,678
27,759
69,-723
262,106
-494,929
866,-513
-583,680
267,784
463,-50
303,-278
98,-819
-461,0
-230,-232
-375,546
196,-306
-962,699
-460,458
-192,-42
712,709
-567,321
-498,-769
-787,606
-489,-593
-534,-530
554,-179
16,-876
-792,821
-172,-972
-288,-173
-131,-381
486,-403
22,-606
595,-189
169,225
403,-38
153,-821
-714,60
-358,-9
-421,-870
753,-64
493,-931
553,74
882,-993
-817,56
-511,-758
998,-208
-417,-662
-448,-861
-863,-367
699,-604
548,557
-591,261
-710,176
-951,-109
153,-791
-827,-261
115,142
-775,-948
838,26
419,722
896,782
907,760
-376,-534
-775,827
5,-274
432,543
-960,998
934,146
758,733
391,420
-682,682
-65,-552
-742,-393
-476,-247
-850,134
-517,948
-182,36
959,409
-782,-414
90,-110
-63,-611
818,987
305,354
-210,-951
2,-292
-523,12
777,251
-289,-110
-88,431
477,-704
57,-757
-561,-909
602,222
-637,140
292,-285
-367,640
493,-434
-149,103
156,664
-809,279
-766,-518
-106,-146
568,-300
-281,207
-227,-349
893,707
128,-590
980,-781
391,-458
613,-126
634,197
87,-760
135,277
-379,297
727,523
503,49
-672,-707
-207,-749
-965,-978
139,377
-780,191
804,91
-984,414
-432,321
936,-893
559,-473
319,886
-131,-445
40,-549
408,974
-978,-946
-758,-733
678,55
94,-819
-520,-767
-1000,76
-813,866
901,462
450,-330
-11,207
-625,-497
279,660
248,436
-677,239
225,138
276,214
869,265
-168,-7
798,-153
460,-819
82,-627
274,-665
-940,269
-616,-95
24,-461
351,-746
444,-661
593,334
749,170
494,191
-184,838
-89,-387
316,-340
762,762
-244,527
401,16
613,-751
-678,-698
-219,-221
594,-617
103,-91
484,-776
-299,-141
169,-710
813,578
981,-636
-982,-619
-678,-13
-807,-615
736,-215
373,98
-365,-271
114,-905
-743,849
-833,-665
358,-142
347,861
759,-743
935,-870
619,880
970,-872
871,791
554,-946
784,-63
-235,-905
-547,-993
907,590
-933,336
-637,-454
-407,599
190,428
27,-621
-184,699
673,268
-196,-336
373,844
383,-979
-570,198
875,72
-600,-691
-183,-145
-697,839
-561,-78
546,267
275,-418
-957,543
-585,711
-941,-757
-792,217
-307,-79
241,263
859,-916
334,-494
-72,-174
808,22
170,-817
252,-33
-280,571
502,-116
613,440
-730,182
854,-480
572,878
-310,13
803,436
421,675
757,-980
726,559
74,151
-805,228
-887,-207
881,172
398,-969
665,514
2,555
-264,270
775,-980
756,127
-457,-641
254,490
570,93
-591,-694
130,343
-133,-708
-72,-390
106,-761
49,-890
744,119
-999,-316
559,-261
898,-791
24,-854
723,-151
-443,984
15,369
-835,-544
-533,582
111,374
-718,-983
995,-790
266,281
-429,-21
-898,995
-615,992
814,474
-59,-96
-780,161
-342,271
75,-398
74,937
949,586
-69,-279
55,802
-276,-104
853,308
-661,-192
-513,310
-930,113
442,535
592,340
772,608
6,136
-804,244
580,-36
942,-115
949,987
92,-726
-242,-715
71,147
238,-197
-956,-263
-814,-27
-378,-962
-372,-948
-766,959
909,959
-698,127
-117,-439
48,-709
-201,-376
250,-600
881,580
507,639
177,-898
974,-115
777,-90
916,822
-810,-440
98,869
350,69
52,-494
-356,-207
720,509
87,865
-126,278
533,249
-790,838
-908,522
214,-19
690,12
600,829
422,-542
251,-740
780,-746
-963,188
-771,878
992,157
-726,-618
-762,284
595,-318
-504,262
251,-254
995,792
768,278
-952,-726
678,-867
-247,-709
-387,-614
-674,-495
-538,781
364,-949
711,-131
-481,-1
-757,373
-717,-720
781,-120
-1,188
-79,-396
967,-856
-21,-696
573,-425
-56,965
138,-635
829,127
-576,-633
-749,272
966,805
864,53
-221,-461
-921,950
557,966
-737,838
158,730
-208,-63
36,-776
-61,-129
523,846
974,-418
-940,-216
190,63
235,-544
-355,-95
792,811
-924,868
-490,910
-239,189
-106,940
165,1
-711,133
-941,137
-892,-916
767,832
502,709
923,371
41,741
-296,-202
-839,-19
844,216
341,37
-99,968
-687,-535
993,-382
-152,703
-86,-199
-521,-711
673,-236
-79,184
980,-789
-745,-676
426,982
810,307
-556,450
900,683
-719,-488
-477,-839
-629,-239
99,850
-936,-494
-791,-859
-488,505
-804,-394
-503,-218
7,119
280,238
633,-121
-8,612
-563,-615
820,-807
-683,-522
-630,-887
-12,123
-971,-951
-264,-241
-456,-825
391,-471
924,-285
926,-604
44,-913
-730,642
-83,-936
890,412
-447,-167
-708,-570
551,-488
-731,-34
224,983
-624,859
158,456
-432,-700
521,-446
364,-543
457,644
-983,187
179,-759
-997,850
-102,795
955,950
-735,848
231,416
-548,-930
71,-550
-640,495
278,-540
248,-456
556,791
605,145
974,923
765,669
-690,-890
-738,195
149,-625
631,602
424,-621
-422,800
-563,764
519,-672
296,28
714,-915
472,-71
517,-162
-391,-315
-628,128
91,250
48,694
-527,266
-121,-840
888,-461
-642,319
-326,611
919,-391
434,-323
630,544
-877,-321
139,213
539,-803
-757,943
494,-568
599,317
991,-926
-867,-879
-488,-322
330,-402
-324,-287
-601,-866
801,873
390,609
718,-705
-81,79
-886,-519
691,-508
321,978
627,-304
-218,358
-360,-345
521,440
539,-970
-538,735
763,881
660,-671
965,-170
550,558
-493,-925
66,-279
812,152
-187,426
243,-914
-13,904
-488,-424
-928,-967
420,794
-286,-297
-684,409
-695,-429
-433,40
-927,-4
523,160
89,-136
808,301
606,318
800,684
-333,-999
-884,179
-682,775
235,468
265,771
199,-27
-407,-253
-719,-585
-369,-594
-365,-484
532,455
-378,929
610,-450
267,-328
-25,622
656,179
-857,211
-628,776
-738,517
-535,-491
-606,-85
520,-936
380,509
656,-818
-274,2
20,623
-765,64
211,510
421,576
-585,-942
-799,-54
-605,722
587,-299
65,-508
938,-396
434,-296
758,205
-206,957
131,-117
-741,-332
-594,-1
-873,367
130,-206
233,938
591,614
737,629
-607,532
-842,342
-574,797
-829,-152
-138,35
-72,-752
944,660
-570,217
931,873
-960,-579
767,745
987,-497
-913,-529
-976,-98
-79,743
-668,353
446,-799
35,526
163,-898
100,236
-650,335
-648,-203
-560,453
464,162
800,-880
270,99
768,-905
-591,859
-323,405
312,-958
795,235
-467,-150
930,-954
738,-774
-812,-567
-18,811
629,975
429,888
-964,669
759,637
402,-698
871,562
605,-257
449,-612
-846,-611
-619,856
208,878
-735,118
569,476
-202,-378
738,430
323,-995
451,418
-886,-488
-296,588
996,-757
292,771
312,130
-6,359
565,-172
-881,-66
-309,-686
206,723
369,534
749,-499
116,-821
918,-526
-529,-367
-121,829
194,443
765,-239
314,-86
-257,-662
667,626
-293,900
812,973
-219,73
-882,-792
-441,163
-990,429
-175,-574
-871,657
882,-687
-279,-601
-340,324
292,536
-771,127
924,644
190,872
639,-607
-861,-569
-587,452
-194,-208
-527,514
377,383
594,-94
-299,-771
448,608
-46,919
-740,-767
-496,-865
91,-336
-299,-889
-238,80
-769,-875
-557,-560
692,811
-614,238
-964,-474
904,-795
507,905
-563,-99
851,-25
-687,-431
-924,-590
540,-250
-629,-653
-10,758
972,-723
487,655
44,-406
-939,42
-242,654
-163,-664
-802,15
483,-459
-179,-149
-2,6
972,-560
399,-775
658,172
564,603
842,-382
906,-592
-377,-696
-500,-304
-333,-500
-478,-423
-215,-710
462,-764
-60,-438
-403,-928
-92,-119
-247,179
-358,844
357,26
-982,139
348,-102
498,-732
-720,848
-910,-369
-103,298
120,431
425,375
270,-33
315,-230
425,-754
-569,342
-984,-479
-669,674
647,599
-218,641
346,-289
-511,-860
281,-487
889,112
751,-170
-337,71
746,-777
-320,-555
167,921
-905,409
-480,351
-228,951
-372,-767
63,-215
301,-882
-767,-755
881,710
-358,-599
621,118
673,675
340,445
672,758
-263,746
929,-372
-143,-912
437,-156
-89,-394
499,805
-564,-823
-426,-196
114,-580
-521,92
-790,-916
-761,794
-176,-393
896,330
893,865
325,-982
-192,-589
-216,-939
454,-507
74,9
431,472
-220,342
685,527
-206,947
154,789
-469,-492
124,411
488,-905
376,-255
-409,551
-873,178
398,-635
403,140
682,735
-328,725
595,-173
679,568
255,139
274,-445
-783,-549
-41,-576
-668,999
-911,-825
230,910
598,528
623,403
198,-559
-440,49
-551,-597
678,20
845,701
898,73
-315,496
-599,414
563,-278
-82,108
-86,-667
-306,539
972,63
-733,-235
364,-288
497,116
-499,660
627,-717
-56,240
-889,290
116,-766
319,693
502,628
-698,-20
217,-781
728,-648
896,605
559,-577
203,-315
-59,-569
603,-80
-475,229
-449,944
-604,478
294,-294
-231,-123
-736,26
-181,613
-609,-289
-202,-893
-782,-75
-269,-150
327,484
-492,-494
-787,-103
903,-306
-563,442
676,-290
-230,873
-942,878
752,724
249,-287
-830,-581
560,985
-495,477
-29,-303
882,-389
-459,784
116,-583
-518,227
-437,444
644,-83
-163,-513
-756,-845
-855,-399
-704,-436
844,792
847,-492
-31,120
478,741
581,580
319,-352
-749,-237
-44,-62
-740,-850
-701,312
-11,-640
-434,-862
-335,-49
-126,-796
49,512
239,626
-865,-929
-269,-544
-900,-165
920,-872
-451,-493
979,904
569,328
-198,378
361,546
876,-222
-258,289
-257,310
10,809
917,-681
523,-312
-210,-320
516,-22
-746,564
751,716
189,157
-553,-698
-297,-98
-26,-987
-355,-190
-588,89
870,567
-292,363
-449,721
341,113
-368,-393
79,-987
-817,-704
-875,-719
850,-703
-535,480
876,864
-796,246
307,-120
-235,413
-433,-76
433,979
-788,435
-455,-758
-812,183
-653,-181
514,368
364,-327
-991,-495
-94,625
-879,874
834,780
-914,631
-533,-888
567,606
297,-714
536,607
672,221
-862,561
-861,-299
-435,-556
-103,45
926,905
582,424
-514,34
884,903
-827,225
164,-248
197,461
551,618
457,-963
-616,-57
773,-715
559,-866
292,-734
-990,750
-155,934
-874,170
-298,-207
968,-652
-353,857
-696,-701
967,999
157,973
961,367
580,-850
190,45
447,-178
-739,184
-927,548
665,73
64,-584
-490,943
-735,480
658,-495
859,-877
679,695
-453,-43
616,343
442,336
992,349
328,202
500,412
765,-404
-169,506
146,153
190,-816
-203,-347
111,159
-82,-337
-174,-663
-839,927
-941,-650
-313,-910
176,259
318,93
-534,-394
-953,-160
421,-797
-647,-623
328,-350
451,-820
157,91
-808,250
-407,-806
479,239
-581,434
-456,214
-131,936
820,328
-64,-418
705,-522
639,294
-591,397
25,-214
-764,-475
-347,-465
-447,-942
201,-468
-827,-442
13,265
507,-375
-148,923
319,173
865,-257
884,384
-707,147
-438,940
-954,-24
-537,627
661,561
731,-181
-37,-944
-963,-474
-505,-829
-532,820
-589,-282
-426,-929
-456,-745
337,-969
638,-994
512,-373
-376,46
-228,-603
-801,505
-571,428
379,797
-31,-750
-920,405
675,759
-449,-712
-676,363
-647,456
-59,-844
583,224
284,-777
-555,619
-66,921
8,51
59,109
724,-175
19,-1
-315,526
520,-639
343,-159
192,569
32,-611
-417,-517
637,-373
-495,187
-961,316
-336,449
294,570
828,-177
100,-61
-967,-951
182,-302
-966,193
645,-684
66,-40
-584,825
870,-390
622,-194
-194,6
-286,323
467,-818
-599,-779
-808,780
-326,-685
1,-5
-385,-430
166,-401
368,-783
874,132
-401,-55
-515,-391
21,949
-549,-684
741,-319
92,-670
104,415
820,-517
136,-298
657,415
-633,309
-532,-296
397,-55
806,-952
-685,-611
-915,882
-366,-279
436,-719
-575,-865
-90,-453
662,211
-45,-714
-77,174
-468,597
704,-983
967,-401
195,333
500,198
-447,59
788,-574
-149,878
895,-286
-201,-965
-205,480
-422,-287
144,-156
-649,-219
-153,226
129,-778
72,-510
-288,875
-720,429
-2,213
995,-775
209,616
758,201
240,-441
288,-897
296,390
-455,577
100,344
-449,-962
-890,410
867,-778
-262,-5
172,-727
-380,-494
563,-620
762,-262
-974,-177
-752,-856
-685,753
471,783
-277,32
-385,439
-39,520
22,-552
-651,-985
771,-839
-27,623
-692,-71
-187,200
240,692
841,-37
343,-105
-555,71
-522,-243
-624,-803
717,837
80,258
452,264
485,-977
81,-191
315,25
954,-386
-72,739
-506,-848
-803,304
-657,26
-846,-612
-606,682
-533,-856
-662,-625
910,505
690,485
355,245
469,-724
121,159
-214,973
-985,-756
-995,-916
474,677
757,-901
710,-375
-891,-442
-758,-24
950,-796
800,-822
384,581
971,-598
42,244
965,831
122,-814
442,-594
377,-487
270,266
393,-386
-1000,-984
-583,-139
158,843
-899,-931
57,862
710,16
-850,-468
-165,994
-828,927
-969,308
-835,278
-712,154
-737,-220
-834,564
748,-919
-804,59
170,-177
-706,-853
-681,-118
786,-885
-565,845
58,-805
363,510
-291,858
-167,-489
890,20
427,-950
-914,-106
716,-422
334,-577
-75,-588
324,901
-4,73
636,508
-15,787
-998,863
424,431
140,-512
275,-29
-304,-167
-820,-639
289,995
239,-320
-941,91
854,-360
-447,-576
814,-807
549,-156
-761,854
-223,-270
-669,920
-508,-152
396,-273
720,-35
362,-499
-320,-153
720,-585
-14,-961
-340,-128
-833,702
-856,-613
-970,-971
-911,-278
-892,88
-594,-522
597,-676
-353,588
293,-936
671,641
-745,439
357,-881
131,-787
663,-245
64,-728
345,891
-350,795
-969,560
-817,865
-556,30
499,-936
385,656
596,-84
-914,-908
-271,983
469,-297
-476,-308
-173,196
779,833
-875,-774
724,-170
-260,-513
767,-844
73,-583
-777,-165
179,508
34,659
44,640
174,705
-884,398
-651,64
-733,139
304,-474
797,-440
-989,58
916,666
181,-565
-781,40
-483,554
563,-715
340,619
-472,30
199,-208
-299,-734
-819,39
787,778
919,-276
237,201
207,158
448,867
-761,-38
895,-629
138,-735
312,885
690,916
269,-682
37,-972
-889,656
-502,998
-827,516
-272,561
-25,92
-957,-777
-769,-61
-219,915
-876,-782
46,384
925,-200
832,175
-571,4
-57,407
453,-919
-821,-918
366,-279
785,-697
-614,302
580,554
-91,-410
-169,976
101,-202
-254,565
-261,545
458,-344
-609,-626
-968,-662
969,821
442,-488
-261,340
376,-915
650,252
-593,-795
-457,986
-674,265
24,-231
765,51
239,100
-773,916
133,617
-603,2
-611,-473
-569,363
319,708
-791,758
-284,-883
-20,998
-809,759
-638,-500
-695,-659
508,43
445,-372
-146,-823
434,866
-674,-222
-974,-488
-628,826
-3,58
125,429
-186,-718
292,170
116,125
-94,-343
393,393
566,968
731,-415
-434,138
636,-936
892,312
-617,877
-403,-93
-819,-731
-594,799
-994,172
29,-332
990,-515
-532,832
171,791
-918,317
604,175
-898,870
-11,633
-309,381
-511,-811
188,-546
-903,578
191,-993
-968,373
207,-404
900,394
-584,502
-253,538
363,-887
606,545
148,-784
828,-125
-333,-595
-140,-218
275,860
-518,430
-927,557
280,-380
555,-66
58,-491
846,251
-8,-13
135,21
942,935
528,818
-878,149
411,-55
-525,185
70,-803
685,625
400,-777
797,-307
-529,-3
945,-341
942,-668
775,-88
-569,-731
-947,140
-511,566
-87,-351
426,21
-363,397
-771,-532
-44,73
-276,-493
656,644
-299,-497
869,-340
-825,287
-488,-988
-735,-723
-690,445
-616,-777
-353,-560
-66,568
847,180
-55,908
177,280
-370,347
600,-65
-980,-451
-231,844
598,-265
654,-28
349,-745
790,591
-23,-634
-316,-626
-159,52
-802,373
828,-924
-775,-482
-30,-204
-558,-847
-128,-81
-591,751
93,-346
-703,-119
-41,887
-148,645
-848,64
-746,517
-189,4
-18,137
77,-688
-241,-550
-112,299
219,-790
239,52
-551,341
237,-356