-1000,850
-1000,996
-1000,284
-1000,-579
-1000,76
-1000,-984
-999,-295
-999,-951
-999,940
-999,-531
-999,-477
-999,-223
-999,-316
-998,-1
-998,-179
-998,-535
-998,676
-998,-708
-998,863
-997,-804
-997,53
-997,-711
-997,741
-997,-530
-997,582
-997,850
-996,998
-996,-106
-996,-922
-995,823
-995,-547
-995,-841
-995,467
-995,509
-995,-916
-994,27
-994,172
-993,34
-993,439
-993,588
-993,-417
-993,212
-993,753
-993,-202
-993,-760
-992,-837
-992,664
-992,-139
-991,-378
-991,686
-991,976
-991,-495
-990,-582
-990,472
-990,-585
-990,914
-990,-97
-990,899
-990,-464
-990,349
-990,429
-990,750
-989,244
-989,216
-989,-623
-989,58
-988,703
-988,995
-988,-42
-988,375
-987,-411
-987,996
-987,-812
-987,-290
-986,-818
-986,-517
-986,769
-986,-428
-986,7
-985,327
-985,197
-985,-756
-984,-35
-984,859
-984,-220
-984,-87
-984,332
-984,-659
-984,414
-984,-479
-983,197
-983,588
-983,354
-983,958
-983,-551
-983,-696
-983,187
-982,163
-982,199
-982,45
-982,956
-982,-619
-982,139
-981,840
-981,8
-980,273
-980,-971
-980,-790
-980,349
-980,-451
-979,-638
-979,-302
-979,495
-979,845
-978,-932
-978,786
-978,521
-978,1
-978,891
-978,-946
-977,-124
-977,-775
-977,-676
-977,876
-976,279
-976,655
-976,-948
-976,-98
-975,-162
-974,-536
-974,281
-974,301
-974,-516
-974,-881
-974,-177
-974,-488
-973,909
-973,848
-973,-899
-973,-802
-973,379
-973,-562
-973,-707
-972,117
-972,122
-972,694
-972,-768
-971,-962
-971,-734
-971,-516
-971,327
-971,-897
-971,-951
-970,-73
-970,91
-970,535
-970,784
-970,-971
-969,142
-969,4
-969,305
-969,308
-969,560
-968,-9
-968,-318
-968,-384
-968,491
-968,-662
-968,373
-967,-701
-967,9
-967,188
-967,853
-967,-951
-966,265
-966,-97
-966,-948
-966,-72
-966,-168
-966,-20
-966,386
-966,551
-966,193
-965,-112
-965,843
-965,132
-965,-978
-964,985
-964,-894
-964,-674
-964,669
-964,-474
-963,-877
-963,748
-963,188
-963,-474
-962,465
-962,-428
-962,554
-962,-678
-962,699
-961,280
-961,-145
-961,-202
-961,293
-961,-847
-961,-90
-961,316
-960,406
-960,658
-960,998
-960,-579
-959,342
-959,-993
-959,198
-958,92
-958,78
-958,-285
-958,-703
-958,321
-958,-969
-958,-133
-957,638
-957,-560
-957,562
-957,67
-957,543
-957,-777
-956,-757
-956,340
-956,399
-956,-263
-955,-257
-955,-165
-955,-672
-955,981
-955,-857
-954,-774
-954,-503
-954,-454
-954,-24
-953,507
-953,-286
-953,-160
-952,-86
-952,-726
-951,-399
-951,349
-951,980
-951,415
-951,-109
-950,-922
-950,583
-950,820
-950,45
-950,-589
-950,-8
-950,-593
-949,-532
-949,509
-949,-395
-948,-669
-948,659
-948,-747
-948,-160
-947,78
-947,-435
-947,-328
-947,140
-946,-139
-946,-983
-945,-602
-943,761
-943,464
-943,942
-943,-128
-942,54
-942,-898
-942,321
-942,562
-942,-420
-942,-608
-942,878
-941,-811
-941,-76
-941,92
-941,-186
-941,-241
-941,383
-941,118
-941,-667
-941,-223
-941,-757
-941,137
-941,-650
-941,91
-940,969
-940,-180
-940,50
-940,-700
-940,997
-940,269
-940,-216
-939,696
-939,-542
-939,-320
-939,42
-938,19
-938,76
-938,437
-938,765
-937,629
-937,965
-937,-603
-937,33
-937,255
-937,518
-936,-216
-936,510
-936,-753
-936,895
-936,-494
-935,-857
-935,43
-935,-345
-935,-610
-934,-552
-934,-580
-934,-729
-934,153
-934,-333
-934,563
-934,513
-934,883
-933,336
-932,834
-932,734
-932,569
-932,-273
-932,408
-931,954
-931,-37
-931,226
-931,-857
-930,394
-930,-196
-930,-266
-930,495
-930,139
-930,113
-928,-684
-928,413
-928,694
-928,874
-928,-967
-927,539
-927,957
-927,682
-927,-4
-927,548
-927,557
-926,432
-926,-791
-926,-231
-926,488
-925,834
-925,394
-925,-846
-925,537
-924,639
-924,50
-924,440
-924,429
-924,868
-924,-590
-923,-86
-923,-543
-923,-520
-923,-696
-923,878
-922,-491
-922,-89
-922,-693
-922,892
-921,-533
-921,685
-921,617
-921,950
-920,-186
-920,-41
-920,-939
-920,929
-920,643
-920,405
-919,-898
-919,982
-918,901
-918,55
-918,-297
-918,1000
-918,903
-918,298
-918,317
-917,-591
-917,-853
-917,-605
-917,929
-917,409
-916,-864
-916,656
-916,119
-915,-283
-915,-871
-915,665
-915,953
-915,165
-915,826
-915,-795
-915,882
-914,799
-914,535
-914,631
-914,-106
-914,-908
-913,-929
-913,441
-913,-136
-913,-529
-912,556
-912,80
-912,302
-912,-111
-912,244
-912,647
-912,176
-911,-918
-911,-626
-911,-825
-911,-278
-910,-599
-910,228
-910,947
-910,909
-910,-504
-910,430
-910,-369
-909,397
-908,-833
-908,210
-908,753
-908,-185
-908,196
-908,522
-907,-351
-907,-188
-907,574
-907,623
-906,371
-906,-743
-906,483
-906,-488
-905,912
-905,610
-905,409
-904,-342
-903,795
-903,34
-903,555
-903,-256
-903,578
-902,404
-902,-635
-902,-997
-902,180
-902,97
-902,28
-901,-396
-901,282
-901,-153
-901,-16
-901,913
-900,-73
-900,993
-900,689
-900,-165
-899,784
-899,799
-899,-131
-899,-931
-898,-306
-898,540
-898,995
-898,870
-897,-869
-897,590
-897,312
-897,851
-897,90
-897,644
-897,454
-896,-887
-896,144
-896,648
-895,127
-895,806
-895,-497
-895,-208
-895,-911
-894,464
-894,971
-893,-256
-893,346
-893,558
-893,43
-893,-760
-893,737
-892,-387
-892,298
-892,-70
-892,-916
-892,88
-891,956
-891,-635
-891,-442
-890,-57
-890,-246
-890,889
-890,735
-890,492
-890,-512
-890,410
-889,-821
-889,992
-889,45
-889,386
-889,-574
-889,225
-889,290
-889,656
-888,3
-888,200
-887,159
-887,564
-887,492
-887,-895
-887,-207
-886,-899
-886,46
-886,-422
-886,371
-886,-983
-886,-448
-886,581
-886,-425
-886,-519
-886,-488
-885,-856
-885,954
-885,-603
-885,-78
-884,-260
-884,677
-884,-204
-884,-732
-884,-428
-884,-180
-884,-452
-884,-444
-884,179
-884,398
-883,-997
-883,605
-883,574
-882,-97
-882,-890
-882,204
-882,-792
-881,-746
-881,569
-881,-845
-881,-66
-880,-278
-880,626
-880,802
-880,5
-880,726
-880,343
-879,-985
-879,-258
-879,874
-878,-303
-878,-105
-878,-823
-878,-577
-878,149
-877,-934
-877,282
-877,-681
-877,556
-877,-321
-876,-94
-876,676
-876,211
-876,-526
-876,11
-876,-11
-876,-782
-875,-747
-875,56
-875,825
-875,531
-875,-719
-875,-774
-874,472
-874,999
-874,805
-874,170
-873,135
-873,-874
-873,367
-873,178
-872,-973
-872,321
-872,-53
-872,225
-872,-155
-871,-999
-871,-506
-871,657
-869,-896
-869,-967
-869,-116
-869,-495
-869,662
-869,-658
-868,3
-868,-751
-868,567
-868,675
-868,-593
-868,286
-868,910
-868,-916
-867,852
-867,999
-867,-845
-867,-531
-867,94
-867,142
-867,-879
-866,298
-866,391
-866,630
-866,637
-865,-137
-865,-641
-865,251
-865,760
-865,-929
-864,-595
-864,631
-864,-719
-864,30
-863,900
-863,912
-863,866
-863,-909
-863,-310
-863,-367
-862,-258
-862,-847
-862,-392
-862,-383
-862,-741
-862,561
-861,-210
-861,810
-861,-569
-861,-299
-860,-535
-860,-97
-860,613
-860,-95
-860,-849
-860,351
-860,162
-859,449
-859,-208
-859,-473
-859,-86
-859,925
-858,-234
-858,240
-858,-464
-858,299
-858,184
-858,74
-857,-786
-857,886
-857,211
-856,-916
-856,-789
-856,-102
-856,-85
-856,-613
-855,932
-855,-182
-855,-929
-855,-341
-855,-179
-855,-399
-854,-718
-854,550
-854,-72
-853,619
-853,571
-853,640
-853,-224
-852,-486
-852,602
-852,-582
-851,19
-851,-387
-851,70
-851,35
-851,-455
-850,398
-850,-12
-850,434
-850,-827
-850,-620
-850,59
-850,752
-850,134
-850,-468
-849,-431
-849,18
-849,-711
-849,152
-849,856
-849,862
-849,-294
-849,-126
-849,-981
-848,-526
-848,138
-848,68
-848,644
-848,-522
-848,-770
-848,64
-847,-565
-847,-352
-847,89
-846,-841
-846,-611
-846,-611
-846,-612
-845,-669
-845,-854
-845,-72
-845,939
-845,896
-844,143
-844,705
-844,-288
-844,-486
-844,-224
-843,806
-842,251
-842,-307
-842,49
-842,591
-842,-977
-842,-617
-842,342
-841,642
-841,-463
-841,762
-841,461
-841,973
-841,-557
-841,-869
-840,-850
-839,240
-839,-247
-839,-357
-839,843
-839,878
-839,821
-839,-742
-839,-19
-839,927
-838,775
-838,-604
-838,-644
-837,-805
-837,520
-837,443
-837,-586
-837,-235
-837,568
-837,139
-837,-883
-837,723
-837,103
-836,-269
-836,-850
-836,334
-836,585
-836,-859
-836,154
-835,-984
-835,-78
-835,463
-835,-544
-835,278
-834,-201
-834,-157
-834,438
-834,-375
-834,-975
-834,663
-834,56
-834,195
-834,564
-833,530
-833,732
-833,-887
-833,107
-833,-813
-833,-665
-833,702
-832,-305
-832,-111
-832,361
-832,620
-832,-274
-832,804
-831,706
-831,881
-831,911
-831,-551
-831,796
-830,931
-830,628
-830,-581
-829,-343
-829,-152
-828,34
-828,-105
-828,346
-828,-182
-828,528
-828,927
-827,-447
-827,952
-827,798
-827,472
-827,-261
-827,225
-827,-442
-827,516
-826,117
-826,568
-825,-842
-825,287
-824,695
-823,-509
-823,-456
-823,885
-822,-839
-821,578
-821,727
-821,-41
-821,792
-821,667
-821,873
-821,-244
-821,-918
-820,-185
-820,774
-820,118
-820,-226
-820,359
-820,-9
-820,-901
-820,-639
-819,-394
-819,192
-819,233
-819,-1000
-819,-334
-819,302
-819,881
-819,867
-819,39
-819,-731
-818,-668
-817,-472
-817,243
-817,144
-817,515
-817,629
-817,56
-817,-704
-817,865
-816,-52
-816,-281
-816,397
-816,106
-816,795
-815,-144
-815,-195
-815,987
-815,-243
-815,-239
-814,-14
-814,-122
-814,-27
-813,-74
-813,507
-813,-210
-813,-17
-813,866
-812,904
-812,-284
-812,30
-812,684
-812,-567
-812,183
-811,477
-811,220
-811,137
-811,418
-810,71
-810,893
-810,770
-810,520
-810,508
-810,-102
-810,-827
-810,-440
-809,-781
-809,-307
-809,818
-809,279
-809,759
-808,287
-808,-474
-808,205
-808,-364
-808,345
-808,-958
-808,543
-808,391
-808,492
-808,250
-808,780
-807,803
-807,-968
-807,-383
-807,-242
-807,10
-807,519
-807,-615
-806,658
-806,329
-806,127
-806,20
-805,-483
-805,228
-804,-891
-804,608
-804,-538
-804,505
-804,244
-804,-394
-804,59
-803,-215
-803,-335
-803,-224
-803,949
-803,808
-803,121
-803,-750
-803,12
-803,229
-803,304
-802,247
-802,-655
-802,662
-802,314
-802,-827
-802,15
-802,373
-801,-285
-801,-63
-801,-426
-801,-373
-801,-622
-801,-941
-801,258
-801,505
-800,-26
-800,-457
-800,595
-800,793
-799,-65
-799,957
-799,-434
-799,-54
-798,896
-798,809
-798,-66
-797,29
-797,862
-797,657
-797,52
-797,-481
-797,-821
-796,-896
-796,-290
-796,-453
-796,149
-796,-163
-796,826
-796,246
-795,289
-795,118
-795,-124
-795,409
-795,946
-795,-83
-794,-181
-794,507
-794,-824
-794,-670
-794,181
-794,585
-794,301
-793,707
-793,23
-793,-636
-793,-693
-793,-728
-793,-108
-793,-86
-793,-740
-793,-206
-792,946
-792,821
-792,217
-791,-550
-791,-391
-791,-474
-791,-346
-791,542
-791,-187
-791,-149
-791,-859
-791,758
-790,-655
-790,363
-790,-422
-790,339
-790,625
-790,807
-790,838
-790,-916
-789,273
-789,496
-789,796
-788,-904
-788,-104
-788,435
-787,-979
-787,422
-787,-309
-787,447
-787,-768
-787,646
-787,606
-787,-103
-786,52
-786,376
-786,132
-786,805
-786,52
-785,254
-784,898
-784,-692
-784,16
-784,-603
-784,-683
-783,-978
-783,192
-783,-100
-783,-549
-782,875
-782,-414
-782,-75
-781,-228
-781,607
-781,723
-781,767
-781,40
-780,7
-780,465
-780,-930
-780,228
-780,528
-780,-67
-780,-54
-780,191
-780,161
-779,-77
-779,-390
-779,-103
-779,597
-779,929
-779,-831
-779,296
-779,-712
-779,545
-778,-384
-778,978
-778,157
-778,665
-777,-357
-777,332
-777,311
-777,-165
-776,-796
-776,401
-776,993
-776,-55
-776,443
-776,-764
-776,-426
-776,-768
-775,-576
-775,-948
-775,827
-775,-482
-774,119
-774,890
-774,978
-774,-980
-774,-259
-773,578
-773,-549
-773,916
-772,682
-772,-432
-772,516
-772,856
-772,-638
-771,502
-771,878
-771,127
-771,-532
-770,-602
-770,304
-769,-688
-769,234
-769,-875
-769,-61
-768,920
-768,-585
-768,-972
-768,30
-768,255
-768,748
-767,317
-767,-506
-767,-755
-766,-915
-766,361
-766,207
-766,-447
-766,-518
-766,959
-765,477
-765,64
-764,787
-764,-141
-764,120
-764,358
-764,-71
-764,-475
-763,810
-763,-479
-763,696
-762,49
-762,718
-762,971
-762,-99
-762,521
-762,-195
-762,284
-761,185
-761,73
-761,-650
-761,794
-761,854
-761,-38
-760,642
-760,116
-760,-929
-760,-576
-760,62
-760,221
-760,-942
-760,862
-760,-816
-759,663
-759,573
-758,262
-758,-107
-758,-733
-758,-24
-757,-530
-757,665
-757,-319
-757,-431
-757,-322
-757,373
-757,943
-756,137
-756,876
-756,-180
-756,-845
-755,-24
-755,-703
-755,-996
-754,538
-754,445
-754,276
-754,27
-753,-597
-753,410
-753,-447
-753,103
-753,-335
-752,225
-752,-500
-752,-753
-752,767
-752,-856
-751,776
-751,754
-751,-203
-751,-110
-751,-577
-750,747
-750,-661
-750,189
-750,645
-750,-664
-750,-537
-750,843
-750,-726
-750,867
-750,-126
-749,564
-749,231
-749,503
-749,437
-749,272
-749,-237
-748,646
-748,195
-747,680
-747,393
-747,-847
-746,351
-746,-755
-746,-866
-746,-788
-746,-656
-746,-113
-746,-277
-746,-517
-746,564
-746,517
-745,153
-745,-482
-745,218
-745,-676
-745,439
-744,-1000
-744,-748
-744,-698
-744,-908
-744,-88
-744,3
-743,-342
-743,-280
-743,807
-743,-407
-743,849
-742,629
-742,984
-742,-819
-742,-937
-742,-393
-741,-434
-741,347
-741,-930
-741,-590
-741,-332
-740,389
-740,-260
-740,-767
-740,-850
-739,-452
-739,-326
-739,663
-739,184
-738,241
-738,693
-738,195
-738,517
-737,194
-737,-838
-737,-330
-737,452
-737,668
-737,891
-737,-599
-737,-913
-737,-837
-737,-971
-737,48
-737,838
-737,-220
-736,370
-736,814
-736,710
-736,529
-736,-77
-736,588
-736,216
-736,-34
-736,887
-736,-432
-736,26
-735,-163
-735,-478
-735,543
-735,475
-735,813
-735,-267
-735,-952
-735,-581
-735,848
-735,118
-735,480
-735,-723
-734,199
-734,712
-734,-528
-734,-742
-734,968
-734,560
-734,-84
-733,993
-733,835
-733,267
-733,423
-733,-235
-733,139
-732,-142
-732,812
-732,-325
-732,-314
-732,-319
-732,-61
-732,-357
-732,729
-732,-23
-731,-317
-731,-512
-731,-34
-730,-642
-730,-660
-730,-887
-730,182
-730,642
-729,926
-729,601
-729,547
-728,-78
-727,-88
-727,-704
-727,-83
-727,123
-727,-417
-726,555
-726,-207
-726,692
-726,-618
-725,303
-725,629
-725,-597
-725,403
-724,647
-724,719
-724,-237
-724,696
-723,638
-723,-425
-723,280
-723,488
-723,-68
-722,-756
-722,344
-722,-281
-721,209
-721,823
-720,-144
-720,621
-720,56
-720,376
-720,161
-720,231
-720,848
-720,429
-719,-297
-719,340
-719,-868
-719,671
-719,757
-719,-488
-719,-585
-718,853
-718,-398
-718,-221
-718,-983
-717,-440
-717,405
-717,-575
-717,252
-717,11
-717,778
-717,-626
-717,-720
-716,654
-716,-408
-716,-968
-715,-892
-715,-213
-715,-96
-715,236
-715,-830
-715,-697
-715,-469
-714,655
-714,542
-714,-117
-714,-548
-714,558
-714,-749
-714,60
-713,-665
-713,510
-713,331
-713,601
-713,-453
-712,665
-712,662
-712,49
-712,-325
-712,154
-711,-348
-711,-505
-711,710
-711,274
-711,584
-711,-349
-711,200
-711,133
-710,787
-710,176
-709,825
-709,-568
-709,147
-708,211
-708,81
-708,581
-708,-327
-708,-570
-707,-806
-707,316
-707,-988
-707,14
-707,-300
-707,147
-706,593
-706,-828
-706,665
-706,375
-706,-993
-706,-23
-706,472
-706,-853
-705,-307
-705,-818
-705,892
-705,507
-705,887
-704,-383
-704,113
-704,-492
-704,45
-704,546
-704,70
-704,-436
-703,-200
-703,-105
-703,323
-703,428
-703,-119
-702,949
-702,704
-702,698
-702,-372
-702,-824
-702,178
-702,-292
-702,880
-702,674
-702,-403
-702,-352
-701,-83
-701,959
-701,312
-700,-669
-700,383
-700,205
-700,-191
-700,230
-700,164
-700,696
-699,318
-699,609
-699,-498
-699,-216
-699,-428
-699,867
-698,127
-698,-20
-697,53
-697,-961
-697,-961
-697,-324
-697,-289
-697,-964
-697,839
-696,468
-696,-575
-696,95
-696,748
-696,-845
-696,-349
-696,-701
-695,-429
-695,-659
-694,624
-694,450
-694,112
-694,-286
-694,185
-693,-937
-693,221
-692,401
-692,881
-692,-71
-691,-988
-691,-405
-690,-350
-690,-890
-690,445
-689,676
-689,695
-689,369
-689,229
-689,761
-688,-382
-688,-197
-688,605
-688,-35
-687,516
-687,86
-687,-535
-687,-431
-686,153
-686,502
-686,-879
-686,443
-685,554
-685,378
-685,-854
-685,-611
-685,753
-684,-304
-684,-987
-684,409
-683,181
-683,616
-683,-529
-683,-593
-683,690
-683,-727
-683,108
-683,803
-683,-522
-682,-701
-682,837
-682,-324
-682,682
-682,775
-681,-926
-681,-118
-680,-193
-680,-240
-680,-755
-680,-660
-680,-903
-680,-812
-680,-275
-680,-427
-679,808
-678,-705
-678,-485
-678,-698
-678,-13
-677,-956
-677,984
-677,239
-677,239
-676,-336
-676,-354
-676,-976
-676,363
-675,617
-675,848
-674,417
-674,0
-674,16
-674,73
-674,-703
-674,-495
-674,265
-674,-222
-673,-698
-673,747
-673,710
-672,-809
-672,120
-672,70
-672,86
-672,-707
-671,883
-671,906
-671,-467
-670,405
-670,-703
-670,59
-669,-740
-669,674
-669,920
-668,250
-668,76
-668,100
-668,353
-668,999
-667,-383
-667,-42
-666,26
-666,218
-666,-486
-666,-272
-665,-154
-665,137
-665,-740
-665,-991
-665,256
-665,630
-665,-825
-665,-607
-665,-828
-664,-238
-664,-748
-664,114
-664,-247
-664,327
-664,-702
-664,896
-664,-735
-664,-688
-664,-337
-663,177
-663,111
-663,-414
-663,-89
-663,-799
-662,-995
-662,995
-662,-625
-661,-89
-661,995
-661,-65
-661,-457
-661,36
-661,598
-661,-889
-661,-192
-660,549
-660,-271
-660,-590
-660,-810
-660,505
-660,352
-660,-631
-660,-805
-660,26
-659,-883
-659,-628
-659,915
-658,570
-658,617
-658,242
-657,-403
-657,272
-657,26
-656,114
-656,-900
-656,656
-655,-685
-655,152
-655,-767
-655,-339
-655,709
-654,654
-654,-280
-654,-583
-654,-908
-654,-825
-654,553
-653,-640
-653,-287
-653,646
-653,-726
-653,-181
-652,-807
-652,-784
-652,626
-652,829
-652,-657
-651,510
-651,-940
-651,502
-651,406
-651,-229
-651,-985
-651,64
-650,-361
-650,698
-650,-168
-650,644
-650,905
-650,269
-650,-197
-650,335
-649,-221
-649,-219
-648,-532
-648,-203
-647,380
-647,-542
-647,-146
-647,152
-647,-623
-647,456
-646,-405
-646,726
-646,233
-646,-873
-646,571
-645,861
-645,458
-645,543
-645,-746
-645,753
-645,923
-644,972
-644,-101
-644,-146
-644,-458
-644,-566
-644,73
-643,971
-643,-146
-642,-664
-642,-522
-642,319
-641,699
-641,-987
-641,989
-641,826
-641,-252
-640,-900
-640,-218
-640,-802
-640,732
-640,495
-639,155
-639,81
-639,-170
-638,-388
-638,-379
-638,-277
-638,270
-638,-896
-638,-699
-638,851
-638,-500
-637,-449
-637,-102
-637,-2
-637,-265
-637,-289
-637,140
-637,-454
-636,-362
-636,-884
-636,75
-636,-834
-635,527
-635,214
-634,-716
-634,-325
-634,659
-633,724
-633,-847
-633,196
-633,-879
-633,-621
-633,662
-633,309
-632,262
-632,-397
-632,-811
-632,-438
-631,-123
-631,64
-631,-619
-630,-818
-630,-499
-630,841
-630,-938
-630,959
-630,-636
-630,-887
-629,278
-629,432
-629,531
-629,-828
-629,181
-629,-239
-629,-653
-628,508
-628,-589
-628,128
-628,776
-628,826
-627,-380
-627,-908
-627,-587
-627,484
-627,823
-627,203
-626,-299
-626,946
-625,-633
-625,-415
-625,-573
-625,-387
-625,-497
-624,207
-624,-408
-624,-749
-624,859
-624,-803
-623,149
-623,-310
-623,330
-623,-996
-623,-262
-622,514
-621,679
-621,683
-621,-626
-621,-588
-621,-240
-621,416
-621,-947
-620,449
-619,-515
-619,-331
-619,463
-619,-68
-619,856
-618,546
-618,-293
-618,-478
-618,-133
-618,-244
-618,-674
-618,666
-617,-208
-617,877
-616,603
-616,-330
-616,-958
-616,-499
-616,697
-616,-95
-616,-57
-616,-777
-615,-496
-615,101
-615,974
-615,992
-614,-985
-614,-978
-614,238
-614,302
-613,82
-613,671
-612,511
-612,-616
-612,-294
-612,-697
-611,854
-611,-609
-611,-651
-611,382
-611,-473
-610,906
-610,-750
-610,942
-610,113
-610,-891
-609,181
-609,-159
-609,-134
-609,-289
-609,-626
-608,928
-608,-150
-608,68
-608,-477
-608,360
-608,579
-607,723
-607,-892
-607,678
-607,722
-607,532
-606,-254
-606,-636
-606,519
-606,-445
-606,-586
-606,115
-606,-85
-606,682
-605,-529
-605,974
-605,4
-605,-296
-605,-418
-605,-801
-605,722
-604,-93
-604,-825
-604,-334
-604,478
-603,-475
-603,238
-603,781
-603,721
-603,2
-602,-307
-602,-859
-602,-937
-602,136
-602,-304
-601,-537
-601,-866
-600,863
-600,158
-600,893
-600,906
-600,-633
-600,-691
-599,-66
-599,353
-599,-101
-599,761
-599,558
-599,414
-599,-779
-598,479
-598,-276
-598,-812
-597,564
-597,653
-597,458
-597,197
-596,248
-596,939
-596,-361
-596,444
-595,-528
-595,-488
-595,-809
-595,-715
-595,739
-595,-154
-595,-125
-595,-483
-595,879
-594,-649
-594,610
-594,-868
-594,-1
-594,-522
-594,799
-593,833
-593,-458
-593,807
-593,-193
-593,-795
-592,-854
-592,-431
-592,-84
-592,-575
-592,-458
-592,-726
-592,270
-591,286
-591,-803
-591,261
-591,-694
-591,859
-591,397
-591,751
-590,96
-590,-744
-590,835
-590,-69
-590,-995
-589,-480
-589,612
-589,435
-589,-872
-589,-282
-588,-872
-588,-846
-588,-440
-588,89
-587,610
-587,-539
-587,-733
-587,-658
-587,452
-586,-809
-586,-924
-586,769
-586,-635
-585,411
-585,-977
-585,762
-585,711
-585,-942
-584,-45
-584,-290
-584,825
-584,502
-583,418
-583,943
-583,111
-583,680
-583,-139
-582,327
-582,185
-582,-615
-582,58
-582,-219
-582,481
-582,920
-582,847
-581,406
-581,121
-581,-975
-581,434
-580,-931
-580,989
-580,3
-580,-318
-580,410
-580,585
-580,-813
-580,36
-580,-20
-579,931
-579,-251
-579,-365
-579,-798
-579,725
-579,-200
-577,-152
-577,-458
-577,35
-576,-784
-576,218
-576,-301
-576,684
-576,-729
-576,-236
-576,-736
-576,-271
-576,-633
-575,-186
-575,-865
-574,541
-574,-455
-574,636
-574,442
-574,797
-573,-240
-573,993
-572,209
-572,746
-572,407
-572,-474
-572,-6
-571,-193
-571,-108
-571,772
-571,-677
-571,428
-571,4
-570,201
-570,-316
-570,-626
-570,-281
-570,198
-570,217
-569,852
-569,246
-569,776
-569,342
-569,363
-569,-731
-568,700
-567,-272
-567,798
-567,-300
-567,321
-566,286
-565,-718
-565,-642
-565,-59
-565,862
-565,-318
-565,845
-564,722
-564,723
-564,774
-564,-116
-564,202
-564,-58
-564,201
-564,-823
-563,-518
-563,-829
-563,541
-563,954
-563,-819
-563,-615
-563,764
-563,-99
-563,442
-562,-532
-562,220
-562,-578
-562,-490
-562,-161
-561,-780
-561,817
-561,-657
-561,-355
-561,-210
-561,339
-561,-909
-561,-78
-560,-740
-560,-197
-560,-863
-560,453
-559,-721
-558,-419
-558,635
-558,-991
-558,375
-558,-426
-558,-847
-557,443
-557,673
-557,-527
-557,-560
-556,-798
-556,-104
-556,-764
-556,-501
-556,-527
-556,-543
-556,710
-556,450
-556,30
-555,725
-555,-622
-555,598
-555,-239
-555,619
-555,71
-554,42
-554,533
-553,871
-553,290
-553,-698
-552,-647
-552,-78
-552,-579
-552,235
-551,-37
-551,-187
-551,-597
-551,341
-550,348
-550,-502
-550,317
-550,972
-550,-35
-550,-166
-549,566
-549,-610
-549,240
-549,-684
-548,-303
-548,-285
-548,-727
-548,-930
-547,-589
-547,-242
-547,-117
-547,-509
-547,869
-547,567
-547,-993
-546,-222
-546,-438
-546,-87
-546,-329
-546,183
-545,360
-545,303
-545,490
-544,-585
-544,-854
-544,640
-544,372
-544,-350
-544,-994
-544,-665
-544,-425
-544,-464
-543,-945
-543,-387
-543,394
-542,-831
-542,-768
-542,-698
-541,-716
-541,482
-541,128
-541,-428
-541,181
-540,313
-540,-158
-540,-869
-540,-805
-539,-982
-539,383
-539,-739
-539,420
-538,-712
-538,700
-538,-64
-538,-83
-538,-438
-538,-683
-538,-361
-538,781
-538,735
-537,-428
-537,-713
-537,321
-537,-322
-537,609
-537,627
-536,741
-536,791
-536,-309
-536,230
-536,-882
-536,807
-536,196
-535,-77
-535,603
-535,-927
-535,-740
-535,-766
-535,-491
-535,480
-534,798
-534,-5
-534,-403
-534,-267
-534,-92
-534,542
-534,-530
-534,-394
-533,-37
-533,-533
-533,582
-533,-888
-533,-856
-532,-123
-532,320
-532,-906
-532,439
-532,454
-532,923
-532,-795
-532,820
-532,-296
-532,832
-531,979
-531,779
-531,-385
-531,832
-531,-735
-531,158
-531,12
-531,-709
-531,-292
-530,-936
-530,154
-530,-24
-530,805
-529,-399
-529,-367
-529,-3
-528,-215
-528,777
-528,828
-528,303
-527,-592
-527,-488
-527,699
-527,126
-527,266
-527,514
-526,222
-526,210
-525,390
-525,748
-525,-293
-525,-679
-525,877
-525,185
-524,-240
-524,-704
-524,-661
-524,-327
-524,416
-524,-522
-523,551
-523,-511
-523,409
-523,12
-522,-430
-522,829
-522,-67
-522,-243
-521,29
-521,144
-521,18
-521,772
-521,251
-521,-711
-521,92
-520,338
-520,-962
-520,-733
-520,-792
-520,-416
-520,-767
-519,-741
-519,-782
-519,256
-519,-114
-518,-758
-518,227
-518,430
-517,-140
-517,-73
-517,-416
-517,72
-517,48
-517,-286
-517,948
-516,-426
-516,757
-516,-716
-516,-736
-516,565
-515,908
-515,960
-515,-248
-515,-391
-514,385
-514,-269
-514,354
-514,76
-514,795
-514,67
-514,237
-514,808
-514,34
-513,674
-513,139
-513,665
-513,310
-512,-373
-512,841
-512,945
-512,599
-512,-565
-512,80
-512,447
-511,-997
-511,775
-511,164
-511,-758
-511,-860
-511,-811
-511,566
-510,961
-510,0
-509,-56
-509,-165
-508,-81
-508,-809
-508,411
-508,38
-508,363
-508,-3
-508,-152
-507,-746
-507,512
-506,-824
-506,129
-506,-162
-506,598
-506,-571
-506,-848
-505,-244
-505,48
-505,-338
-505,532
-505,-829
-504,-993
-504,512
-504,945
-504,518
-504,262
-503,-566
-503,-43
-503,620
-503,-218
-502,897
-502,-477
-502,-574
-502,-719
-502,950
-502,36
-502,998
-501,457
-501,-565
-501,468
-501,770
-501,205
-500,33
-500,-160
-500,-14
-500,186
-500,-528
-500,-434
-500,589
-500,-304
-499,-424
-499,660
-498,-812
-498,897
-498,-16
-498,-769
-497,117
-496,-161
-496,894
-496,-369
-496,-442
-496,900
-496,-185
-496,-441
-496,-865
-495,-36
-495,-662
-495,28
-495,477
-495,187
-494,527
-494,-743
-494,929
-493,41
-493,-904
-493,456
-493,279
-493,-925
-492,-756
-492,804
-492,482
-492,421
-492,-494
-491,-676
-491,-996
-491,393
-490,-997
-490,910
-490,943
-489,-152
-489,-593
-488,-618
-488,44
-488,505
-488,-322
-488,-424
-488,-988
-487,595
-487,-91
-487,801
-487,-740
-487,182
-486,732
-486,-640
-486,477
-486,891
-486,-586
-486,-661
-486,52
-486,-475
-485,513
-485,784
-485,585
-485,647
-485,217
-485,-198
-485,957
-484,782
-484,-828
-483,190
-483,-856
-483,922
-483,554
-482,-610
-482,-459
-482,485
-481,157
-481,-74
-481,-1
-480,374
-480,-364
-480,797
-480,-197
-480,-144
-480,351
-479,678
-479,642
-479,-180
-479,867
-479,-380
-478,501
-478,495
-478,-182
-478,88
-478,145
-478,343
-478,-423
-477,-630
-477,-262
-477,-569
-477,-600
-477,-86
-477,-839
-476,263
-476,-230
-476,-54
-476,-548
-476,306
-476,525
-476,266
-476,-247
-476,-308
-475,-607
-475,-289
-475,-805
-475,229
-474,289
-474,774
-473,-390
-473,-653
-473,139
-473,-389
-472,860
-472,-144
-472,-360
-472,30
-471,439
-471,-461
-471,999
-471,-266
-470,839
-470,887
-470,-146
-470,942
-470,416
-470,-130
-470,-673
-470,-80
-470,-201
-469,-485
-469,904
-469,-492
-468,-245
-468,-419
-468,597
-467,124
-467,417
-467,-150
-466,705
-466,287
-466,-268
-466,-581
-466,326
-466,621
-465,274
-465,-136
-465,-782
-465,362
-464,262
-464,497
-464,206
-464,456
-464,760
-463,-324
-463,-173
-463,924
-463,503
-462,-659
-462,-910
-462,-505
-462,495
-461,19
-461,-550
-461,-740
-461,873
-461,-835
-461,597
-461,-671
-461,-521
-461,867
-461,109
-461,-316
-461,8
-461,300
-461,0
-460,829
-460,458
-459,642
-459,-63
-459,-580
-459,597
-459,784
-458,-250
-458,-197
-458,352
-458,-508
-458,367
-458,983
-458,-810
-458,-843
-458,215
-458,465
-457,839
-457,-56
-457,-864
-457,-767
-457,-641
-457,986
-456,-386
-456,-192
-456,-160
-456,-548
-456,829
-456,-344
-456,873
-456,-170
-456,-773
-456,-825
-456,214
-456,-745
-455,492
-455,761
-455,-618
-455,-758
-455,577
-454,-408
-454,-966
-454,127
-454,384
-454,-398
-454,-51
-453,-655
-453,856
-453,900
-453,758
-453,-577
-453,-43
-452,-233
-452,141
-452,-89
-452,-730
-451,299
-451,-244
-451,-369
-451,-55
-451,-504
-451,-493
-450,-204
-450,914
-450,785
-450,-607
-449,-414
-449,944
-449,721
-449,-712
-449,-962
-448,-976
-448,118
-448,-680
-448,-169
-448,-861
-447,-803
-447,890
-447,-167
-447,-942
-447,59
-447,-576
-446,-522
-446,-832
-446,-337
-446,340
-446,904
-445,-168
-445,-542
-445,195
-445,881
-444,-858
-444,235
-443,-387
-443,33
-443,-681
-443,789
-443,984
-442,-918
-442,887
-442,-92
-442,-216
-442,946
-441,-423
-441,-21
-441,163
-440,-883
-440,-658
-440,117
-440,171
-440,894
-440,49
-439,114
-439,-974
-439,-913
-439,502
-439,103
-438,-892
-438,890
-438,940
-437,-150
-437,-203
-437,86
-437,-216
-437,444
-436,-235
-436,270
-436,-523
-436,45
-436,440
-435,-253
-435,971
-435,-552
-435,-344
-435,185
-435,-556
-434,-767
-434,102
-434,-501
-434,-616
-434,309
-434,-818
-434,-862
-434,138
-433,40
-433,-76
-432,680
-432,177
-432,-544
-432,91
-432,177
-432,321
-432,-700
-431,-461
-431,-834
-431,-981
-430,788
-430,865
-430,546
-429,-345
-429,513
-429,275
-429,727
-429,-21
-428,-569
-428,-530
-428,-929
-428,-142
-428,-835
-428,-517
-427,967
-426,-823
-426,32
-426,987
-426,500
-426,-686
-426,226
-426,-196
-426,-929
-425,-697
-425,-490
-425,120
-425,-266
-425,997
-424,-969
-424,961
-424,721
-424,700
-423,-825
-423,-976
-423,-332
-422,172
-422,-846
-422,800
-422,-287
-421,-2
-421,-454
-421,-870
-420,87
-420,425
-420,100
-419,-346
-419,-315
-419,-358
-418,-497
-418,-558
-418,526
-418,-131
-417,-297
-417,-987
-417,-920
-417,810
-417,-773
-417,-662
-417,-517
-416,-525
-416,-816
-416,-331
-416,721
-416,334
-415,480
-415,889
-414,-337
-414,-355
-413,402
-413,-347
-413,-637
-413,-583
-413,984
-412,-267
-412,413
-412,-590
-411,38
-411,-244
-410,-745
-410,661
-410,-169
-410,-526
-410,-755
-410,-992
-410,596
-409,-337
-409,303
-409,-906
-409,-496
-409,984
-409,551
-408,14
-408,-946
-408,616
-408,-436
-407,-632
-407,-485
-407,189
-407,-992
-407,228
-407,599
-407,-253
-407,-806
-406,452
-406,-97
-406,7
-406,898
-405,381
-405,-111
-404,193
-404,815
-404,354
-404,427
-404,846
-404,113
-404,204
-403,633
-403,-556
-403,-881
-403,-928
-403,-93
-402,150
-402,981
-402,-495
-401,576
-401,-470
-401,-271
-401,-55
-400,255
-400,-129
-400,261
-400,757
-400,-521
-399,71
-399,-985
-399,357
-399,-518
-399,359
-398,-546
-398,-190
-398,871
-398,105
-397,954
-397,861
-397,508
-397,-845
-396,-225
-396,698
-396,-991
-396,-123
-395,304
-395,32
-395,-955
-395,655
-394,833
-394,69
-394,-631
-394,360
-393,826
-392,-642
-392,785
-392,-285
-392,365
-392,98
-392,42
-392,-644
-391,-400
-391,902
-391,525
-391,-765
-391,-516
-391,-698
-391,-315
-390,-200
-390,-345
-390,836
-390,131
-390,-723
-390,670
-390,-359
-390,612
-389,-55
-389,989
-389,331
-388,-110
-388,475
-388,477
-388,555
-388,-205
-388,53
-387,-248
-387,-911
-387,-627
-387,-505
-387,-190
-387,914
-387,138
-387,-614
-386,765
-386,420
-386,605
-386,856
-386,-510
-385,204
-385,-889
-385,-430
-385,439
-384,-748
-384,276
-384,769
-384,-854
-383,266
-383,614
-383,-284
-383,59
-383,774
-383,6
-382,-438
-381,-582
-381,327
-381,717
-380,384
-380,905
-380,-235
-380,-903
-380,-623
-380,-494
-379,-146
-379,-860
-379,-608
-379,903
-379,982
-379,27
-379,-409
-379,-946
-379,297
-378,498
-378,-179
-378,-418
-378,-962
-378,929
-377,-229
-377,700
-377,942
-377,-435
-377,-696
-376,279
-376,84
-376,-534
-376,46
-375,-614
-375,520
-375,-60
-375,-127
-375,546
-374,-265
-374,-72
-374,939
-373,-645
-373,-761
-373,-76
-373,-58
-373,-42
-373,123
-373,963
-372,-128
-372,-502
-372,-263
-372,-948
-372,-767
-371,-475
-371,-659
-370,-547
-370,-863
-370,774
-370,-135
-370,-611
-370,948
-370,347
-369,794
-369,-34
-369,719
-369,77
-369,-594
-368,685
-368,-471
-368,-393
-367,121
-367,573
-367,920
-367,258
-367,-851
-367,554
-367,640
-366,906
-366,838
-366,-279
-365,682
-365,39
-365,408
-365,-456
-365,-48
-365,670
-365,744
-365,-271
-365,-484
-364,-501
-364,-518
-363,-924
-363,945
-363,683
-363,-564
-363,893
-363,397
-362,962
-362,506
-362,-248
-362,446
-362,-108
-361,-809
-361,431
-361,395
-360,288
-360,776
-360,60
-360,-345
-359,-528
-359,-77
-359,-650
-359,819
-359,445
-358,-249
-358,-848
-358,7
-358,640
-358,-485
-358,-9
-358,844
-358,-599
-357,234
-357,526
-357,-53
-356,255
-356,8
-356,-263
-356,-557
-356,-24
-356,-979
-356,-523
-356,-207
-355,650
-355,-851
-355,333
-355,-473
-355,368
-355,909
-355,596
-355,-742
-355,-950
-355,-95
-355,-190
-354,-93
-354,-165
-354,419
-354,421
-354,685
-354,-69
-354,-367
-353,-781
-353,378
-353,857
-353,588
-353,-560
-352,-51
-352,921
-352,-803
-351,-459
-351,804
-351,-268
-351,-116
-351,234
-351,-218
-351,-209
-351,250
-351,-917
-350,999
-350,-249
-350,-671
-350,-683
-350,795
-349,540
-349,-120
-349,870
-348,-250
-348,427
-348,-493
-348,182
-348,-235
-347,412
-347,-785
-347,-435
-347,-182
-347,998
-347,322
-347,-465
-346,532
-346,-866
-346,-590
-345,-65
-345,873
-345,608
-345,387
-345,587
-345,-58
-344,598
-344,313
-344,270
-344,302
-344,-807
-343,101
-343,-99
-343,-729
-343,-9
-343,766
-343,-216
-342,271
-341,871
-341,-4
-341,30
-341,461
-340,-600
-340,-825
-340,-887
-340,324
-340,-128
-339,731
-339,-832
-339,-109
-339,949
-339,-837
-339,328
-338,661
-338,-267
-338,401
-338,-956
-338,-269
-337,-909
-337,310
-337,71
-336,-376
-336,410
-336,-484
-336,-213
-336,-4
-336,449
-335,886
-335,-292
-335,-539
-335,289
-335,-49
-334,624
-334,581
-334,167
-334,542
-334,575
-334,-506
-334,-760
-333,886
-333,-517
-333,687
-333,-999
-333,-500
-333,-595
-332,98
-331,419
-331,-717
-331,655
-330,75
-330,-944
-330,-574
-330,920
-330,731
-329,817
-329,370
-329,-71
-329,854
-329,609
-328,-331
-328,725
-327,26
-327,-352
-326,724
-326,609
-326,-614
-326,-68
-326,191
-326,111
-326,-236
-326,611
-326,-685
-325,-268
-325,-828
-325,840
-324,-713
-324,-550
-324,333
-324,528
-324,-218
-324,95
-324,857
-324,-287
-323,-864
-323,-773
-323,247
-323,817
-323,216
-323,405
-322,-12
-322,452
-322,-369
-321,215
-321,353
-321,649
-321,527
-321,76
-320,-837
-320,516
-320,456
-320,-433
-320,-677
-320,-973
-320,138
-320,-411
-320,-767
-320,-555
-320,-153
-319,-860
-319,473
-318,-840
-318,-603
-318,-874
-317,-418
-317,-767
-317,-990
-317,-421
-317,-527
-317,-331
-316,288
-316,694
-316,936
-316,-206
-316,434
-316,232
-316,-626
-315,542
-315,718
-315,200
-315,496
-315,526
-314,562
-314,-157
-314,130
-313,196
-313,967
-313,-197
-313,440
-313,-487
-313,-910
-312,-517
-312,-19
-312,491
-312,-31
-312,-581
-312,-426
-312,-978
-312,495
-312,-118
-312,486
-311,-609
-311,974
-311,-542
-311,-363
-311,414
-310,763
-310,901
-310,-25
-310,214
-310,307
-310,13
-309,-244
-309,768
-309,558
-309,129
-309,623
-309,-104
-309,492
-309,-686
-309,381
-308,643
-308,-780
-308,494
-307,-614
-307,728
-307,-278
-307,216
-307,-79
-306,982
-306,-727
-306,539
-305,561
-305,-492
-305,140
-305,82
-305,-76
-304,62
-304,-479
-304,372
-304,-167
-303,-534
-303,724
-303,-231
-303,496
-302,-556
-302,-745
-302,-295
-302,-219
-302,823
-301,-791
-301,-433
-301,893
-301,-5
-301,-463
-301,-577
-301,-56
-300,177
-300,798
-300,771
-300,560
-299,-79
-299,114
-299,-238
-299,-828
-299,-735
-299,-141
-299,-771
-299,-889
-299,-734
-299,-497
-298,305
-298,381
-298,699
-298,131
-298,263
-298,-975
-298,542
-298,-207
-297,-507
-297,806
-297,-757
-297,841
-297,-823
-297,-98
-296,343
-296,317
-296,-12
-296,-53
-296,11
-296,719
-296,-202
-296,588
-295,-926
-295,70
-295,-243
-295,-122
-295,-721
-294,-4
-294,-159
-294,507
-294,281
-294,-529
-294,0
-293,-461
-293,375
-293,13
-293,-492
-293,900
-292,-187
-292,-74
-292,-419
-292,417
-292,363
-291,541
-291,-637
-291,-538
-291,-561
-291,-728
-291,-58
-291,-530
-291,103
-291,858
-290,78
-290,263
-290,-629
-290,49
-289,891
-289,317
-289,959
-289,-99
-289,-110
-288,-865
-288,-862
-288,-18
-288,-819
-288,649
-288,-173
-288,875
-287,-6
-287,341
-287,-983
-287,-124
-286,375
-286,890
-286,183
-286,-838
-286,-297
-286,323
-285,-206
-285,290
-285,-981
-285,-325
-284,-482
-284,-871
-284,-883
-284,-589
-284,-883
-283,-881
-283,-450
-283,268
-282,-711
-282,-86
-281,-692
-281,-293
-281,276
-281,-108
-281,314
-281,-737
-281,951
-281,207
-280,454
-280,571
-279,-56
-279,-601
-278,-950
-278,353
-277,-220
-277,-420
-277,370
-277,654
-277,32
-276,173
-276,-434
-276,-104
-276,-493
-275,-345
-275,794
-275,333
-274,-244
-274,638
-274,-821
-274,2
-273,-184
-273,548
-273,370
-272,-160
-272,-368
-272,379
-272,992
-272,533
-272,277
-272,729
-272,561
-271,-412
-271,574
-271,-561
-271,435
-271,-312
-271,983
-270,581
-270,-39
-270,113
-270,554
-270,-368
-270,167
-270,850
-269,-861
-269,758
-269,-160
-269,820
-269,294
-269,-588
-269,-669
-269,-150
-269,-544
-268,-715
-268,-404
-268,261
-268,-476
-268,-327
-267,69
-267,-880
-267,916
-267,-99
-266,566
-266,259
-266,522
-266,-538
-266,-420
-265,-370
-264,-446
-264,-717
-264,270
-264,-241
-263,-485
-263,755
-263,906
-263,-229
-263,350
-263,590
-263,746
-262,-949
-262,-5
-261,800
-261,562
-261,403
-261,-338
-261,-464
-261,636
-261,545
-261,340
-260,-544
-260,-513
-259,-91
-259,648
-259,229
-259,-146
-258,16
-258,364
-258,289
-257,14
-257,-64
-257,-427
-257,-163
-257,396
-257,-662
-257,310
-256,579
-256,-658
-255,-251
-255,-517
-255,227
-255,-796
-255,50
-254,-246
-254,-724
-254,790
-254,-801
-254,-8
-254,120
-254,-160
-254,565
-253,-602
-253,688
-253,-553
-253,538
-252,985
-252,-984
-252,-245
-252,-219
-252,-124
-252,-654
-252,86
-251,-928
-251,-656
-250,-550
-250,606
-250,-447
-249,-300
-249,-206
-249,327
-249,-462
-248,861
-248,-749
-247,656
-247,-38
-247,199
-247,-709
-247,179
-246,-697
-246,-59
-245,-311
-245,761
-245,-126
-245,620
-245,55
-244,-320
-244,-371
-244,584
-244,-723
-244,-332
-244,527
-243,33
-243,-661
-243,22
-243,824
-243,-96
-242,-66
-242,101
-242,729
-242,-878
-242,-715
-242,654
-241,570
-241,630
-241,-550
-240,94
-240,-220
-240,475
-240,54
-240,-375
-239,944
-239,-804
-239,189
-238,-674
-238,-31
-238,976
-238,675
-238,80
-237,806
-237,74
-237,-72
-237,354
-237,192
-237,-487
-236,55
-236,441
-235,-997
-235,199
-235,-176
-235,-954
-235,-905
-235,413
-234,300
-234,-330
-234,779
-234,-632
-234,276
-234,-140
-234,303
-233,792
-233,578
-233,201
-232,188
-232,783
-232,-305
-232,90
-231,733
-231,-130
-231,40
-231,-496
-231,-123
-231,844
-230,46
-230,-567
-230,-313
-230,-232
-230,873
-229,894
-229,-270
-229,141
-229,-843
-229,165
-229,634
-229,-276
-229,736
-228,-463
-228,699
-228,910
-228,-424
-228,-317
-228,951
-228,-603
-227,806
-227,-454
-227,694
-227,-710
-227,607
-227,-927
-227,-445
-227,291
-227,824
-227,-349
-226,990
-226,-486
-226,-867
-226,-199
-226,394
-225,-141
-225,-624
-225,-39
-224,-961
-224,-975
-224,238
-224,851
-224,485
-224,249
-223,782
-223,-270
-222,69
-222,-350
-221,-162
-221,964
-221,363
-221,745
-221,-356
-221,-461
-220,-691
-220,260
-220,461
-220,-887
-220,182
-220,-453
-220,-366
-220,342
-219,109
-219,750
-219,795
-219,-956
-219,-79
-219,-221
-219,73
-219,915
-218,577
-218,358
-218,641
-217,263
-217,950
-217,951
-217,451
-217,150
-217,-973
-217,558
-216,-910
-216,490
-216,310
-216,-618
-216,477
-216,-939
-215,-559
-215,441
-215,-835
-215,692
-215,418
-215,933
-215,-54
-215,-614
-215,-710
-214,336
-214,11
-214,810
-214,366
-214,-970
-214,973
-213,-333
-213,34
-213,-533
-213,309
-213,-659
-212,764
-212,196
-212,-803
-212,-409
-212,114
-212,659
-212,-327
-211,-495
-211,82
-211,-607
-211,-608
-211,-509
-211,-423
-211,633
-211,465
-211,-680
-210,-277
-210,750
-210,810
-210,984
-210,-169
-210,-647
-210,382
-210,-226
-210,-348
-210,-951
-210,-320
-209,70
-208,-429
-208,126
-208,-354
-208,694
-208,-811
-208,-63
-207,-396
-207,-749
-206,842
-206,565
-206,957
-206,947
-205,733
-205,-148
-205,-864
-205,47
-205,-550
-205,221
-205,-469
-205,480
-204,-126
-204,-800
-204,-909
-204,771
-204,-586
-204,479
-204,-582
-203,-117
-203,318
-203,-501
-203,-837
-203,-540
-203,-633
-203,-347
-202,948
-202,873
-202,70
-202,-888
-202,-863
-202,876
-202,6
-202,-378
-202,-893
-201,693
-201,-974
-201,124
-201,242
-201,722
-201,-844
-201,879
-201,-376
-201,-965
-200,256
-200,670
-199,365
-199,232
-199,-984
-199,786
-199,423
-198,-325
-198,-315
-198,-149
-198,-17
-198,219
-198,985
-198,378
-197,156
-197,-238
-197,-940
-196,162
-196,352
-196,-585
-196,-336
-195,-54
-195,47
-195,578
-195,968
-195,942
-195,339
-195,-337
-194,-746
-194,103
-194,-208
-194,6
-193,429
-193,-300
-193,-893
-193,-365
-193,-262
-193,-938
-193,542
-192,-585
-192,280
-192,787
-192,-42
-192,-589
-191,397
-191,595
-191,-854
-191,-557
-191,-449
-191,826
-190,-58
-190,-37
-190,-671
-190,663
-189,86
-189,-745
-189,-879
-189,4
-188,-9
-188,164
-188,429
-188,430
-188,-80
-187,-551
-187,670
-187,-872
-187,-689
-187,-733
-187,426
-187,200
-186,-494
-186,-589
-186,75
-186,-269
-186,-329
-186,-718
-185,-914
-184,357
-184,147
-184,155
-184,-567
-184,146
-184,838
-184,699
-183,985
-183,-393
-183,-31
-183,-73
-183,-145
-182,167
-182,47
-182,51
-182,794
-182,-322
-182,36
-181,777
-181,512
-181,435
-181,613
-180,-720
-180,-81
-180,-80
-179,-600
-179,-602
-179,536
-179,907
-179,917
-179,587
-179,-149
-178,12
-178,895
-178,957
-177,-589
-176,873
-176,657
-176,145
-176,-89
-176,989
-176,-393
-175,193
-175,-574
-174,-482
-174,857
-174,956
-174,-529
-174,43
-174,74
-174,-895
-174,767
-174,340
-174,-663
-173,-644
-173,-630
-173,-840
-173,671
-173,196
-172,-410
-172,-564
-172,-201
-172,-872
-172,65
-172,-972
-171,-795
-171,-905
-171,433
-171,387
-171,4
-171,89
-170,-385
-170,277
-170,816
-170,-477
-170,816
-170,-257
-170,-862
-169,-925
-169,239
-169,355
-169,518
-169,668
-169,506
-169,976
-168,-702
-168,-136
-168,-173
-168,481
-168,971
-168,572
-168,721
-168,-7
-167,-1
-167,-489
-166,-998
-166,332
-166,-420
-166,59
-166,575
-166,609
-166,-142
-165,510
-165,175
-165,-197
-165,954
-165,525
-165,752
-165,994
-164,-780
-164,-971
-164,874
-164,829
-163,-43
-163,-525
-163,-733
-163,684
-163,-38
-163,-664
-163,-513
-162,-608
-162,-157
-162,-242
-161,-424
-161,-559
-161,-732
-160,53
-160,-628
-160,-860
-160,611
-160,733
-160,-903
-160,700
-160,-774
-159,63
-159,-792
-159,353
-159,207
-159,695
-159,948
-159,52
-158,-379
-158,-267
-157,636
-157,-663
-157,-655
-157,299
-157,-942
-157,-350
-156,630
-156,173
-156,-402
-156,320
-155,-787
-155,-238
-155,-637
-155,860
-155,934
-154,356
-154,-613
-154,-271
-153,-206
-153,386
-153,920
-153,226
-152,-251
-152,982
-152,-119
-152,49
-152,837
-152,633
-152,715
-152,-686
-152,703
-151,250
-151,-460
-151,-708
-151,-588
-150,-178
-150,858
-150,-596
-149,550
-149,583
-149,935
-149,-850
-149,-421
-149,776
-149,-573
-149,-414
-149,601
-149,103
-149,878
-148,668
-148,-562
-148,215
-148,923
-148,645
-147,479
-146,-536
-146,-823
-145,-941
-145,105
-145,-383
-144,205
-144,-165
-143,482
-143,-846
-143,468
-143,406
-143,-244
-143,937
-143,-912
-142,748
-142,-728
-142,-367
-142,-204
-141,804
-141,633
-141,675
-141,698
-141,384
-140,-466
-140,-218
-139,262
-139,725
-139,-752
-139,-581
-138,145
-138,938
-138,-81
-138,35
-137,-581
-137,-513
-137,-25
-136,79
-136,614
-136,-347
-136,-277
-136,-574
-135,-710
-135,480
-135,-300
-135,-854
-135,-119
-135,-850
-135,-471
-135,619
-134,-864
-134,-368
-134,-993
-134,-249
-134,620
-133,317
-133,-823
-133,-70
-133,-708
-132,-183
-132,483
-132,-512
-132,-881
-132,-579
-132,-134
-131,543
-131,736
-131,-728
-131,-381
-131,-445
-131,936
-130,-548
-130,237
-130,425
-130,-883
-130,996
-130,-652
-130,820
-129,755
-129,545
-129,581
-129,-969
-129,-205
-128,35
-128,678
-128,-235
-128,821
-128,775
-128,-948
-128,-915
-128,-81
-127,-109
-127,-844
-127,418
-127,-604
-127,-510
-127,181
-126,337
-126,-581
-126,583
-126,-483
-126,278
-126,-796
-125,-137
-125,-577
-125,-558
-124,289
-124,-957
-124,-872
-124,677
-124,600
-124,-882
-124,477
-123,510
-123,496
-122,200
-122,-867
-122,332
-122,64
-122,-864
-121,-91
-121,944
-121,-840
-121,829
-120,288
-120,83
-120,-507
-120,771
-119,699
-119,953
-119,815
-119,-739
-119,-405
-119,834
-119,-82
-119,215
-118,606
-118,174
-118,46
-117,-519
-117,321
-117,633
-117,-330
-117,62
-117,-29
-117,-603
-117,-840
-117,-439
-116,-402
-116,277
-116,302
-116,865
-115,645
-115,-394
-115,127
-115,990
-114,-61
-114,-655
-114,-903
-113,306
-113,10
-113,583
-113,590
-112,239
-112,-704
-112,988
-112,-316
-112,484
-112,331
-112,299
-111,-638
-111,-181
-111,-544
-111,413
-110,-633
-110,-963
-110,521
-110,922
-110,-441
-110,77
-109,-534
-109,744
-109,237
-108,-17
-108,-285
-108,-60
-108,942
-107,-863
-107,152
-107,841
-107,704
-107,763
-107,-116
-107,-827
-107,-924
-107,-307
-107,-735
-107,628
-106,-658
-106,-231
-106,607
-106,438
-106,-146
-106,940
-105,742
-105,-529
-105,271
-104,736
-104,476
-104,-800
-104,-585
-103,78
-103,564
-103,558
-103,472
-103,282
-103,761
-103,298
-103,45
-102,-902
-102,795
-101,179
-101,109
-101,-42
-100,-697
-100,-526
-100,342
-99,491
-99,256
-99,753
-99,-564
-99,840
-99,332
-99,968
-98,371
-98,-776
-98,-735
-98,862
-98,12
-97,268
-97,-344
-97,-813
-97,509
-97,711
-97,413
-97,98
-96,-793
-96,665
-96,803
-96,-564
-96,212
-96,-527
-95,955
-95,728
-95,130
-94,-148
-94,992
-94,569
-94,-742
-94,625
-94,-343
-93,-318
-93,-522
-93,264
-92,-953
-92,794
-92,101
-92,-119
-91,-504
-91,536
-91,481
-91,62
-91,-673
-91,250
-91,661
-91,-607
-91,813
-91,-410
-90,589
-90,596
-90,519
-90,-105
-90,-664
-90,-637
-90,-978
-90,33
-90,-660
-90,-453
-89,-332
-89,-665
-89,-644
-89,636
-89,-387
-89,-394
-88,-65
-88,-693
-88,-707
-88,431
-87,665
-87,-475
-87,510
-87,477
-87,-636
-87,13
-87,-756
-87,-351
-86,431
-86,-98
-86,667
-86,-199
-86,-667
-85,325
-85,-910
-84,853
-84,590
-83,-33
-83,-878
-83,-889
-83,-936
-82,-680
-82,235
-82,241
-82,-550
-82,108
-82,-337
-81,-830
-81,857
-81,339
-81,79
-80,-475
-80,-824
-79,-966
-79,900
-79,937
-79,-122
-79,-396
-79,184
-79,743
-78,-859
-78,207
-77,892
-77,547
-77,-414
-77,-584
-77,-972
-77,-411
-77,174
-76,322
-76,-219
-76,-694
-76,162
-76,-8
-75,1
-75,223
-75,-776
-75,-391
-75,-845
-75,-588
-74,882
-74,924
-74,897
-73,993
-73,204
-73,130
-72,929
-72,601
-72,-663
-72,-174
-72,-390
-72,-752
-72,739
-71,-50
-71,454
-71,-863
-71,888
-71,83
-70,-129
-70,611
-70,-172
-69,-484
-69,301
-69,487
-69,-997
-69,-279
-68,698
-68,935
-68,237
-68,992
-68,-107
-68,-193
-67,273
-67,278
-67,-137
-67,815
-67,18
-67,-793
-66,466
-66,118
-66,416
-66,921
-66,568
-65,-690
-65,-542
-65,246
-65,-719
-65,61
-65,-552
-64,653
-64,-753
-64,-128
-64,-590
-64,686
-64,-780
-64,379
-64,-418
-63,992
-63,-272
-63,-834
-63,811
-63,620
-63,-611
-62,-945
-62,-338
-61,-304
-61,-744
-61,842
-61,-563
-61,-592
-61,311
-61,-231
-61,-129
-60,-789
-60,-634
-60,-392
-60,480
-60,-438
-59,-862
-59,929
-59,-96
-59,-569
-59,-844
-58,806
-58,-511
-58,-902
-57,-579
-57,-275
-57,-977
-57,407
-56,537
-56,101
-56,965
-56,240
-55,-313
-55,-587
-55,908
-54,163
-53,987
-53,-633
-53,-43
-52,421
-52,-42
-52,-175
-52,483
-52,-676
-52,-230
-52,202
-51,-386
-51,507
-51,0
-51,799
-51,-980
-50,131
-50,-801
-50,-971
-50,-486
-50,-467
-50,-988
-50,-136
-49,650
-49,91
-49,-927
-49,241
-48,-307
-48,-682
-47,-237
-47,-189
-47,-810
-46,308
-46,-707
-46,919
-45,-108
-45,-316
-45,-125
-45,-298
-45,264
-45,-969
-45,912
-45,-719
-45,-714
-44,789
-44,47
-44,-258
-44,777
-44,197
-44,-62
-44,73
-43,-691
-43,-203
-42,-38
-42,376
-42,-249
-42,42
-42,-287
-41,-956
-41,-466
-41,-495
-41,-154
-41,-576
-41,887
-40,-750
-40,182
-39,462
-39,703
-39,520
-38,-911
-38,-110
-38,739
-37,900
-37,387
-37,813
-37,-916
-37,-705
-37,-944
-36,-9
-36,515
-36,-958
-36,-479
-36,-395
-36,714
-36,-1
-36,198
-36,-797
-35,827
-35,413
-34,-549
-34,847
-34,591
-34,785
-34,-775
-34,-671
-33,-676
-33,135
-33,-919
-33,-982
-32,292
-32,861
-31,33
-31,179
-31,962
-31,147
-31,-106
-31,-360
-31,-349
-31,-495
-31,120
-31,-750
-30,-365
-30,81
-30,-204
-29,-782
-29,741
-29,-303
-28,767
-28,-395
-28,10
-28,262
-27,44
-27,987
-27,-15
-27,128
-27,-928
-27,-701
-27,623
-26,-482
-26,198
-26,-720
-26,945
-26,992
-26,336
-26,-987
-25,-617
-25,702
-25,622
-25,92
-24,266
-24,-309
-24,308
-23,-642
-23,-518
-23,-940
-23,-505
-23,-355
-23,-634
-22,759
-22,-591
-22,-687
-22,-706
-21,702
-21,535
-21,167
-21,-696
-20,707
-20,211
-20,-829
-20,998
-19,-2
-19,233
-19,40
-19,622
-19,-620
-19,-211
-18,-717
-18,853
-18,922
-18,-603
-18,811
-18,137
-17,-319
-17,431
-17,-627
-16,-294
-16,-587
-16,742
-16,-516
-16,967
-15,699
-15,901
-15,-139
-15,-656
-15,-295
-15,787
-14,184
-14,260
-14,-793
-14,-7
-14,462
-14,-998
-14,-961
-13,-129
-13,296
-13,-631
-13,904
-12,891
-12,60
-12,471
-12,123
-11,-789
-11,-373
-11,-604
-11,-790
-11,207
-11,-640
-11,633
-10,-757
-10,-42
-10,699
-10,-335
-10,-666
-10,-967
-10,758
-9,141
-9,384
-8,750
-8,-559
-8,997
-8,183
-8,-297
-8,612
-8,-13
-7,-835
-7,989
-7,672
-7,-1
-7,545
-6,521
-6,-620
-6,-543
-6,359
-5,-600
-5,620
-5,-774
-5,484
-4,-494
-4,-682
-4,334
-4,4
-4,73
-3,114
-3,-578
-3,58
-2,556
-2,-550
-2,-292
-2,-673
-2,6
-2,213
-1,-645
-1,607
-1,188
0,420
0,417
0,-870
0,-570
0,-529
0,802
0,-377
1,-251
1,-491
1,-878
1,-5
2,833
2,449
2,522
2,-366
2,-977
2,-61
2,-292
2,555
3,-900
3,96
3,-769
3,-131
4,838
4,-974
4,677
4,-352
4,-803
4,-966
5,641
5,459
5,140
5,-274
6,-302
6,311
6,136
7,936
7,620
7,-710
7,494
7,626
7,-240
7,892
7,119
8,55
8,-711
8,796
8,51
9,715
10,890
10,-986
10,809
11,-706
11,-533
11,-271
11,-586
11,-456
12,-305
12,944
12,815
12,645
12,-889
12,283
13,864
13,527
13,-522
13,-625
13,420
13,350
13,265
14,-109
14,175
15,-977
15,-941
15,664
15,-446
15,440
15,369
16,45
16,-46
16,-41
16,-594
16,976
16,-876
17,-94
17,961
18,-466
18,394
18,-907
19,754
19,-426
19,74
19,-789
19,-715
19,-1
20,81
20,-163
20,537
20,-499
20,-713
20,-369
20,-481
20,623
21,820
21,862
21,-703
21,772
21,-618
21,949
22,-212
22,443
22,-437
22,-410
22,-606
22,-552
23,908
24,908
24,-782
24,270
24,-461
24,-854
24,-231
25,108
25,-918
25,886
25,-832
25,-214
26,7
26,-162
26,-470
26,-954
27,621
27,111
27,572
27,95
27,759
27,-621
28,-494
28,412
28,-633
29,-95
29,9
29,-332
30,-627
30,263
30,827
31,-857
31,-547
31,502
31,21
31,548
31,551
32,870
32,854
32,-611
33,727
33,-856
33,469
33,-245
33,-794
34,-543
34,753
34,-614
34,413
34,855
34,-270
34,659
35,-959
35,-757
35,-13
35,524
35,526
36,-25
36,-152
36,224
36,129
36,651
36,191
36,-944
36,-938
36,766
36,-550
36,-776
37,629
37,-219
37,-655
37,870
37,-972
38,-231
38,-535
38,-82
38,127
39,289
39,734
39,809
39,-199
39,542
39,-542
40,-810
40,353
40,-232
40,-948
40,266
40,211
40,-549
41,733
41,454
41,342
41,612
41,741
42,-756
42,-999
42,-416
42,-709
42,244
43,999
43,154
43,-39
43,719
43,-560
43,-494
44,768
44,-770
44,-73
44,-191
44,-508
44,-835
44,-913
44,-406
44,640
45,167
45,342
45,741
45,968
45,-372
46,-691
46,342
46,461
46,-236
46,-393
46,384
47,126
47,-697
47,1000
47,-207
48,418
48,451
48,-709
48,694
49,583
49,-526
49,-390
49,-890
49,512
50,-5
50,494
50,514
50,977
50,598
50,738
51,-505
51,254
51,-887
51,-505
51,850
51,180
51,-518
51,277
52,129
52,-117
52,362
52,407
52,-535
52,-494
53,-375
53,-559
53,-463
53,144
54,180
54,496
54,208
54,67
55,-690
55,504
55,802
56,-202
56,802
56,527
56,477
56,397
57,-393
57,196
57,-564
57,-79
57,-757
57,862
58,914
58,-192
58,-651
58,-620
58,166
58,418
58,-805
58,-491
59,581
59,984
59,-141
59,-725
59,109
60,-209
60,112
60,-305
60,964
60,-905
60,-723
60,-644
60,662
60,584
60,-156
60,-140
60,-54
61,333
61,-480
61,82
61,-142
62,-301
62,60
62,-27
62,407
62,-820
62,144
62,-965
63,-10
63,84
63,-215
64,-715
64,467
64,-696
64,951
64,-445
64,-584
64,-728
65,975
65,-535
65,786
65,863
65,-508
66,905
66,-898
66,470
66,-936
66,-279
66,-40
67,659
67,235
67,-477
67,50
68,730
68,-894
68,-370
68,91
69,988
69,-804
69,968
69,-697
69,-723
70,-429
70,241
70,-609
70,877
70,-240
70,-376
70,422
70,-803
71,679
71,-269
71,939
71,-782
71,147
71,-550
72,965
72,658
72,642
72,-771
72,-211
72,31
72,-103
72,-306
72,-510
73,160
73,87
73,204
73,-722
73,-583
74,230
74,-265
74,151
74,937
74,9
75,-807
75,-160
75,368
75,-513
75,522
75,-398
76,-418
76,-323
76,54
76,-967
76,-14
77,-396
77,222
77,171
77,-935
77,115
77,-688
78,-662
78,372
78,-825
78,-903
79,-65
79,-702
79,7
79,987
79,-134
79,-987
80,-797
80,-980
80,175
80,-832
80,258
81,-778
81,100
81,388
81,-324
81,-743
81,812
81,-191
82,46
82,-30
82,833
82,-545
82,-372
82,-627
83,-112
83,-172
83,360
83,-19
83,103
83,418
83,943
84,199
84,579
84,-227
84,-58
84,710
85,106
86,-161
86,-867
86,-329
86,324
86,-974
86,-595
86,-479
87,628
87,-477
87,578
87,866
87,630
87,175
87,-760
87,865
88,29
88,-569
89,-872
89,840
89,865
89,288
89,-467
89,-40
89,190
89,-829
89,-136
90,-756
90,-969
90,-110
91,-427
91,736
91,-355
91,250
91,-336
92,338
92,-726
92,-670
93,106
93,-962
93,-600
93,391
93,-346
94,434
94,-642
94,-761
94,-125
94,-819
95,587
95,580
95,138
95,726
96,-130
96,584
96,-358
96,-694
97,-910
97,961
97,87
98,-148
98,-250
98,625
98,-996
98,-141
98,-370
98,-819
98,869
99,603
99,614
99,850
100,-230
100,293
100,-535
100,-115
100,-574
100,-60
100,-763
100,76
100,673
100,236
100,-61
100,344
101,35
101,486
101,775
101,537
101,95
101,220
101,-902
101,0
101,-202
102,-510
102,277
102,-306
102,-738
102,69
102,910
103,204
103,-707
103,-819
103,470
103,425
103,-880
103,379
103,675
103,-883
103,-91
104,-981
104,-381
104,415
105,165
105,-667
106,110
106,-761
107,-456
107,-237
108,-34
108,-626
109,-940
109,689
109,-212
109,118
109,973
109,-94
110,-365
110,363
110,-849
110,102
110,-480
111,716
111,843
111,-133
111,374
111,159
112,49
112,-733
112,-938
112,723
112,379
114,890
114,-656
114,-1000
114,-89
114,864
114,-905
114,-580
115,550
115,142
115,693
115,781
115,142
116,274
116,-473
116,759
116,-215
116,-821
116,-766
116,-583
116,125
117,-838
117,589
118,784
118,-909
118,-578
118,57
118,398
118,-673
119,890
119,-986
119,397
119,-549
120,365
120,190
120,431
121,397
121,159
122,-814
123,123
124,-677
124,713
124,-400
124,-762
124,779
124,411
125,468
125,429
126,-856
126,621
126,-379
127,-342
127,-394
128,100
128,502
128,817
128,293
128,-349
128,-8
128,-590
129,-358
129,-597
129,-501
129,863
129,-778
130,-815
130,740
130,-415
130,-429
130,797
130,-976
130,492
130,343
130,-206
131,0
131,425
131,807
131,609
131,273
131,-117
131,-787
132,577
132,-397
132,-564
133,273
133,-731
133,525
133,-409
133,-42
133,617
134,-768
135,623
135,186
135,-97
135,-645
135,277
135,21
136,739
136,121
136,640
136,-47
136,-888
136,176
136,-78
136,419
136,-298
137,-492
137,173
137,-641
137,-703
137,-28
137,471
137,803
138,-675
138,979
138,-278
138,322
138,386
138,-635
138,-735
139,966
139,556
139,377
139,213
140,184
140,20
140,-319
140,217
140,806
140,-512
141,536
141,-519
141,-861
141,722
141,-614
141,-714
141,-140
141,-528
142,604
142,662
142,318
143,-5
143,251
143,225
144,-277
144,-121
144,-848
144,-804
144,943
144,-926
144,-156
145,-909
145,-122
145,235
145,-833
146,29
146,-387
146,-206
146,-225
146,282
146,-721
146,-123
146,-487
146,153
147,931
147,-411
147,14
147,719
147,-955
147,-884
148,583
148,843
148,834
148,-387
148,424
148,-784
149,846
149,-329
149,-283
149,-188
149,-625
150,-636
150,-809
150,-119
151,846
151,-489
151,-395
151,-484
152,578
152,-168
153,-702
153,-879
153,183
153,4
153,-821
153,-791
154,-534
154,789
155,284
155,-519
156,-646
156,53
156,-710
156,-397
156,664
157,-762
157,948
157,834
157,-454
157,646
157,973
157,91
158,-196
158,-253
158,915
158,730
158,456
158,843
159,-717
159,-498
159,-866
159,409
160,606
160,-192
160,953
160,-693
161,635
161,-967
161,-399
162,73
162,212
162,566
162,515
163,817
163,713
163,-898
164,159
164,566
164,109
164,-248
165,-615
165,530
165,878
165,251
165,1
166,319
166,-985
166,865
166,-579
166,627
166,-247
166,-401
167,-65
167,-223
167,921
168,-293
168,-964
168,98
169,-443
169,-679
169,873
169,263
169,-578
169,225
169,-710
170,-694
170,-318
170,-273
170,976
170,-318
170,999
170,-817
170,-177
171,-738
171,-307
171,-581
171,191
171,-553
171,791
172,263
172,858
172,-55
172,-213
172,-727
173,-427
173,566
173,991
174,-665
174,-545
174,705
175,589
175,747
175,-334
175,-200
176,-166
176,926
176,-313
176,644
176,259
177,-126
177,784
177,569
177,-898
177,280
178,-103
178,919
178,791
179,-278
179,-103
179,0
179,-759
179,508
180,846
180,-233
180,-270
180,625
180,430
180,190
181,358
181,979
181,618
181,13
181,-225
181,858
181,-565
182,604
182,-302
183,-559
183,162
183,-309
184,-552
184,0
185,-253
185,-776
185,723
185,-566
186,-898
186,-917
186,734
186,-424
186,-479
186,414
187,-823
187,-155
187,-265
187,62
188,459
188,-11
188,-184
188,726
188,-546
189,699
189,521
189,157
190,-766
190,-936
190,-770
190,428
190,63
190,872
190,45
190,-816
191,227
191,-532
191,-337
191,700
191,169
191,-529
191,518
191,50
191,-993
192,813
192,163
192,-42
192,569
193,-18
193,-109
193,-891
193,891
193,-163
193,417
193,-545
193,-399
193,-886
194,-598
194,285
194,-419
194,-937
194,-242
194,-881
194,443
195,-281
195,331
195,478
195,-947
195,898
195,333
196,873
196,-577
196,390
196,-306
197,-351
197,-199
197,-308
197,-610
197,461
198,-956
198,-138
198,72
198,-659
198,-502
198,-559
199,-75
199,261
199,-568
199,-578
199,938
199,963
199,767
199,-337
199,-27
199,-208
200,239
200,-628
200,-97
201,-843
201,-826
201,660
201,442
201,215
201,15
201,-468
202,13
202,995
202,-851
202,519
203,-169
203,868
203,586
203,-315
204,342
204,18
204,-974
204,141
205,-545
205,574
206,-412
206,776
206,169
206,783
206,723
207,405
207,-552
207,158
207,-404
208,-918
208,982
208,878
209,303
209,309
209,-135
209,-254
209,-799
209,616
210,-88
210,-437
211,772
211,-406
211,176
211,-463
211,-671
211,147
211,329
211,464
211,510
212,786
212,404
213,-931
213,462
214,-479
214,-19
215,486
215,420
215,756
216,578
216,-11
216,-708
216,-722
217,584
217,686
217,606
217,-781
218,-167
218,783
218,-350
218,347
218,-392
219,-106
219,-790
220,-42
220,-686
220,366
220,851
220,-254
220,279
221,-261
222,252
222,214
222,76
222,258
222,786
223,-285
223,102
223,-239
223,835
223,-171
224,-646
224,963
224,-854
224,-188
224,-415
224,811
224,983
225,-809
225,437
225,42
225,-167
225,138
226,977
226,876
227,-186
227,-889
227,-690
227,-312
227,541
228,52
228,874
228,-302
228,-282
228,655
229,-494
229,-332
229,-454
229,-114
230,322
230,-690
230,311
230,-643
230,-928
230,910
231,-60
231,-79
231,-649
231,416
232,-795
232,-580
232,521
233,911
233,661
233,-54
233,697
233,987
233,938
234,306
234,12
234,443
234,-481
234,-223
234,-665
234,584
235,565
235,431
235,-693
235,953
235,323
235,-828
235,-544
235,468
236,-138
236,232
236,-640
236,346
236,-706
236,-257
236,666
237,308
237,-766
237,214
237,-55
237,201
237,-356
238,-719
238,328
238,-112
238,-618
238,70
238,43
238,-197
239,276
239,580
239,988
239,223
239,816
239,184
239,486
239,233
239,626
239,-320
239,100
239,52
240,324
240,-938
240,-441
240,692
241,-183
241,15
241,-978
241,100
241,-211
241,324
241,540
241,902
241,263
242,-304
242,-202
242,-894
243,-694
243,563
243,-498
243,36
243,-914
244,-595
244,666
244,-456
245,-704
245,-168
245,528
246,574
247,-613
247,458
247,-613
247,-926
248,-222
248,436
248,-456
249,868
249,678
249,-644
249,151
249,694
249,-287
250,-287
250,671
250,-586
250,-543
250,-702
250,-474
250,-600
251,-197
251,-279
251,-273
251,-130
251,91
251,-740
251,-254
252,142
252,896
252,-33
253,-609
254,802
254,490
255,505
255,-42
255,988
255,139
256,841
256,-768
256,739
256,-863
256,-832
257,-17
257,818
257,410
257,-443
257,152
258,363
258,-27
258,630
258,-123
258,168
258,268
258,432
259,-152
260,-176
260,-107
260,131
261,-51
261,-722
261,971
261,753
262,452
262,-140
262,358
262,106
263,-941
263,148
263,-840
264,808
264,261
264,-36
264,-390
264,-778
264,906
264,615
264,-340
264,-252
265,798
265,-898
265,-689
265,771
266,428
266,-690
266,-59
266,-505
266,754
266,-928
266,281
267,-526
267,83
267,-762
267,517
267,644
267,451
267,-705
267,784
267,-328
269,-163
269,799
269,-350
269,-428
269,-23
269,-682
270,-511
270,-124
270,128
270,99
270,-33
270,266
271,748
271,-209
271,-853
271,842
271,375
272,-192
273,329
273,-487
273,131
273,861
273,518
273,-100
273,-738
274,-665
274,-445
275,957
275,512
275,-305
275,735
275,185
275,-418
275,-29
275,860
276,-525
276,-195
276,-703
276,-96
276,-180
276,214
277,-152
277,-455
277,-543
278,-889
278,-747
278,631
278,-110
278,-658
278,-540
279,-902
279,699
279,660
280,-395
280,238
280,-380
281,25
281,-655
281,-866
281,-487
282,-799
282,445
282,955
283,889
283,-979
283,-628
283,493
284,-793
284,160
284,791
284,-684
284,-738
284,-777
285,-973
285,51
286,449
286,-933
287,-829
287,-194
287,947
288,-65
288,259
288,-703
288,-201
288,769
288,-897
289,380
289,-772
289,327
289,-55
289,995
290,247
290,620
290,683
290,-879
290,925
291,-849
291,936
291,-466
291,878
291,125
291,472
291,688
292,-716
292,-253
292,829
292,-285
292,771
292,536
292,-734
292,170
293,-687
293,-980
293,-936
294,-71
294,-395
294,-19
294,-562
294,-396
294,636
294,-977
294,574
294,-294
294,570
295,-864
295,-723
295,356
296,-169
296,-237
296,-300
296,28
296,390
297,-978
297,899
297,-744
297,157
297,405
297,-714
298,1
298,-947
298,713
299,713
299,-303
299,-16
300,480
300,-259
300,-751
300,646
300,-787
300,928
300,-279
301,-400
301,-882
302,-815
302,750
302,97
302,488
302,-188
302,-585
303,16
303,-278
304,489
304,99
304,-469
304,-40
304,686
304,504
304,-474
305,-168
305,-818
305,-625
305,-591
305,354
306,434
306,347
306,199
306,47
307,-502
307,-463
307,-120
308,961
308,-547
308,-659
308,-586
308,355
309,911
309,112
309,194
310,-835
310,151
310,302
310,372
311,-711
311,-394
311,-338
311,363
312,-818
312,-151
312,-281
312,700
312,-571
312,649
312,210
312,-958
312,130
312,885
313,-622
313,-851
313,135
313,-775
314,-511
314,-513
314,-507
314,-891
314,-86
315,64
315,272
315,-697
315,52
315,-757
315,-150
315,-981
315,-418
315,-230
315,25
316,-548
316,523
316,-340
317,188
317,790
317,-111
317,-538
317,-663
317,985
318,-251
318,896
318,240
318,58
318,93
319,661
319,423
319,-45
319,-494
319,547
319,465
319,886
319,693
319,-352
319,173
319,708
320,446
320,-941
320,103
320,205
320,-816
320,-169
321,-699
321,828
321,926
321,732
321,680
321,978
322,-760
322,338
322,875
322,550
322,888
322,823
323,-368
323,154
323,564
323,680
323,-417
323,-95
323,-995
324,837
324,-963
324,653
324,901
325,-888
325,866
325,-982
326,-51
326,595
327,477
327,802
327,391
327,855
327,34
327,484
328,198
328,-481
328,750
328,213
328,202
328,-350
329,-297
329,-896
329,551
329,-113
329,133
329,722
329,-89
330,343
330,-402
331,-145
331,-466
331,-842
331,-107
332,-524
332,-359
332,762
333,283
333,974
333,-480
333,-360
334,194
334,544
334,695
334,-490
334,226
334,256
334,-494
334,-577
335,468
335,5
335,-762
335,362
336,-932
336,984
337,-932
337,814
337,-402
337,-46
337,-969
338,-153
338,595
338,453
339,145
339,-593
339,590
339,172
339,-131
339,964
339,-589
339,-706
340,-190
340,299
340,-435
340,966
340,445
340,619
341,553
341,-158
341,-370
341,671
341,37
341,113
342,-511
343,-478
343,-622
343,-159
343,-105
344,709
344,-180
344,616
345,723
345,598
345,-986
345,-691
345,125
345,-300
345,-340
345,53
345,891
346,368
346,-302
346,626
346,-289
347,-955
347,861
348,595
348,-124
348,-102
349,579
349,898
349,-416
349,526
349,-745
350,118
350,-921
350,800
350,219
350,111
350,938
350,69
351,-263
351,194
351,-938
351,-746
352,89
352,221
352,418
352,887
353,-401
353,335
353,803
353,392
353,-22
353,-377
353,77
353,-133
353,221
354,-620
354,164
354,260
354,-715
354,-601
354,-373
355,867
355,-870
355,-446
355,-72
355,-42
355,245
356,-465
356,912
356,45
356,49
356,-339
356,-143
357,-411
357,392
357,5
357,991
357,26
357,-881
358,-783
358,-537
358,62
358,-142
359,-171
359,-119
359,-548
359,-203
360,903
360,319
361,546
362,-352
362,824
362,-499
363,-832
363,-973
363,420
363,-457
363,898
363,775
363,510
363,-887
364,-563
364,11
364,575
364,862
364,-585
364,-949
364,-543
364,-288
364,-327
365,686
365,-123
365,-496
365,74
365,705
365,-385
365,-407
366,367
366,-57
366,581
366,-308
366,-287
366,-244
366,957
366,-279
367,-8
367,646
367,914
368,211
368,-701
368,-452
368,-732
368,-783
369,-491
369,838
369,545
369,203
369,486
369,-729
369,534
370,580
370,-695
370,58
370,-731
370,126
371,428
371,815
372,561
372,576
372,671
372,123
372,-257
372,505
372,852
372,753
372,-813
373,533
373,341
373,469
373,-286
373,848
373,868
373,98
373,844
374,460
374,-579
375,-382
375,-527
376,-409
376,604
376,-703
376,-726
376,508
376,-777
376,-549
376,-255
376,-915
377,-125
377,-885
377,-255
377,383
377,-487
378,41
378,284
378,-780
378,355
378,-448
378,-351
379,598
379,-757
379,912
379,812
379,-483
379,-312
379,-166
379,-386
379,797
380,-303
380,-818
380,-918
380,589
380,422
380,509
381,459
381,774
381,-593
382,698
382,906
383,-201
383,-80
383,494
383,-979
384,426
384,-824
384,581
385,854
385,-882
385,-990
385,-339
385,656
386,0
386,321
386,-81
386,626
386,-165
386,-546
387,-426
387,-258
387,379
387,391
388,26
388,183
388,-810
388,-200
388,-376
388,730
389,423
390,-77
390,-891
390,723
390,609
391,-947
391,-435
391,928
391,688
391,316
391,-972
391,329
391,524
391,420
391,-458
391,-471
393,291
393,-338
393,-412
393,-49
393,-386
393,393
394,51
394,793
394,778
395,555
395,473
395,-800
396,64
396,943
396,-580
396,-638
396,-273
397,-681
397,667
397,-231
397,406
397,-913
397,97
397,-55
398,-915
398,-230
398,-969
398,-635
399,103
399,-967
399,-500
399,528
399,-775
400,191
400,67
400,-152
400,-933
400,-119
400,529
400,-758
400,-777
401,84
401,-177
401,-671
401,214
401,78
401,684
401,560
401,-835
401,13
401,916
401,16
402,911
402,481
402,288
402,-496
402,-698
403,-642
403,-583
403,-438
403,883
403,406
403,389
403,832
403,-38
403,140
404,819
404,551
404,394
404,-218
404,-307
404,-877
404,-965
404,894
405,789
405,676
405,-80
405,-339
406,843
406,-188
406,-639
406,304
406,800
406,-63
407,-613
407,-805
407,-357
407,235
407,-399
407,-314
408,-43
408,882
408,844
408,974
409,-240
409,117
409,395
410,956
410,933
411,-104
411,-173
411,-856
411,-714
411,990
411,-55
412,744
412,645
413,-282
413,-681
413,-366
413,-36
413,487
413,172
413,-265
414,281
414,-599
415,-458
415,-998
415,922
415,862
415,242
416,-867
417,641
417,305
417,-394
417,-280
417,-332
418,974
418,-505
418,68
418,-769
419,705
419,89
419,-140
419,16
419,-796
419,391
419,722
420,-788
420,-323
420,393
420,-852
420,-334
420,211
420,808
420,96
420,794
421,717
421,-931
421,-159
421,-413
421,787
421,675
421,576
421,-797
422,-349
422,-330
422,-889
422,374
422,-542
423,129
423,-756
423,894
423,280
423,-452
424,759
424,-621
424,431
425,-471
425,-798
425,389
425,699
425,-612
425,412
425,375
425,-754
426,378
426,395
426,-374
426,-555
426,-44
426,-2
426,-144
426,982
426,21
427,-244
427,965
427,-71
427,-8
427,678
427,-98
427,600
427,-950
428,614
428,-285
428,-528
428,-193
428,-969
429,-679
429,577
429,186
429,888
430,386
430,994
430,560
430,144
431,-840
431,273
431,-604
431,101
431,-35
431,469
431,472
432,717
432,983
432,277
432,-155
432,-905
432,223
432,84
432,-30
432,543
433,-547
433,-306
433,683
433,699
433,994
433,-799
433,857
433,-170
433,-16
433,979
434,-186
434,277
434,152
434,-396
434,581
434,-569
434,950
434,434
434,-323
434,-296
434,866
435,-808
435,152
435,-319
435,474
436,850
436,-907
436,-886
436,791
436,357
436,-719
437,76
437,450
437,-81
437,537
437,-970
437,-156
438,312
438,995
438,-989
438,771
438,729
438,740
439,464
439,-388
439,-164
439,0
439,-731
440,880
440,391
440,-849
441,-900
441,-954
441,122
441,34
442,-476
442,545
442,535
442,336
442,-594
442,-488
443,567
443,-711
443,-391
444,-528
444,-420
444,-882
444,-661
445,38
445,-135
445,-217
445,-372
446,-31
446,-621
446,412
446,8
446,-117
446,535
446,-536
446,-657
446,-799
447,922
447,-48
447,324
447,458
447,938
447,-178
448,534
448,887
448,682
448,700
448,-253
448,-619
448,608
448,867
449,8
449,899
449,-51
449,-135
449,-612
450,867
450,-169
450,115
450,332
450,-389
450,-330
451,-75
451,-259
451,-443
451,511
451,682
451,870
451,-836
451,-372
451,-893
451,418
451,-820
452,-269
452,803
452,-152
452,855
452,-398
452,-176
452,-188
452,264
453,792
453,-707
453,704
453,-970
453,-140
453,-919
454,-159
454,906
454,124
454,-507
456,-802
456,-411
456,-670
456,-356
456,468
457,588
457,313
457,-67
457,1000
457,644
457,-963
458,85
458,-945
458,587
458,-448
458,-344
459,994
459,-168
459,-925
459,337
459,-909
460,-983
460,-417
460,916
460,698
460,980
460,-819
461,735
461,948
461,309
462,519
462,-858
462,-330
462,-53
462,-764
463,379
463,760
463,632
463,616
463,206
463,-237
463,-50
464,-716
464,-261
464,450
464,-829
464,-295
464,410
464,162
465,-481
465,205
465,-822
465,-4
466,-213
466,219
467,-993
467,-837
467,-818
468,927
468,-706
468,612
468,-942
468,240
469,621
469,-724
469,-297
470,661
470,-980
470,-255
470,68
471,783
471,-528
471,75
471,783
472,69
472,115
472,974
472,-71
473,354
473,-769
473,106
473,509
473,931
473,316
473,-282
474,-994
474,-127
474,955
474,670
474,273
474,784
474,-249
474,123
474,677
475,913
475,-704
475,105
475,552
475,-847
475,227
475,-806
476,-275
476,140
476,40
476,200
477,-508
477,-547
477,-155
477,819
477,-407
477,8
477,-374
477,404
477,-704
478,-853
478,-235
478,612
478,741
479,92
479,-204
479,-752
479,-39
479,-577
479,239
480,-363
480,742
480,-613
480,985
481,-425
481,704
481,-346
481,232
482,708
483,725
483,-863
483,-459
484,-365
484,997
484,-231
484,918
484,-82
484,-776
485,-97
485,-705
485,-977
486,272
486,542
486,10
486,-166
486,-374
486,298
486,126
486,-560
486,-403
487,532
487,655
488,245
488,-775
488,770
488,577
488,-496
488,-905
489,-66
489,-873
489,449
490,385
490,686
490,592
490,772
490,148
490,-25
490,-189
491,-637
491,-236
491,-210
491,-142
491,786
491,862
491,-581
491,910
492,656
492,587
492,-67
492,469
492,841
493,232
493,-993
493,203
493,519
493,-931
493,-434
494,939
494,191
494,-568
495,603
495,-390
495,784
496,399
496,521
497,566
497,128
497,116
498,538
498,964
498,-459
498,838
498,175
498,-732
499,-262
499,94
499,-828
499,805
499,-936
500,-459
500,-515
500,884
500,342
500,979
500,-811
500,412
500,198
501,91
501,-963
502,658
502,-813
502,519
502,-116
502,709
502,628
503,-921
503,992
503,-153
503,49
504,708
505,748
505,-183
505,51
505,659
505,-100
505,-890
506,-109
507,-457
507,-772
507,920
507,67
507,-793
507,-703
507,639
507,905
507,-375
508,-349
508,-643
508,-373
508,-412
508,800
508,43
509,-249
510,-730
510,-875
510,789
510,-396
511,-391
511,471
512,-125
512,-480
512,-373
513,763
513,783
513,-953
513,209
513,757
514,802
514,233
514,536
514,-693
514,368
515,-507
515,-750
515,626
516,702
516,-550
516,267
516,-22
517,-452
517,520
517,316
517,-162
518,-203
518,-285
518,-22
519,-143
519,931
519,-232
519,-257
519,-672
520,-150
520,787
520,-471
520,-946
520,-936
520,-639
521,-447
521,402
521,702
521,-110
521,-446
521,440
522,-430
522,-674
522,-147
522,-254
522,640
523,-459
523,-372
523,798
523,31
523,846
523,160
523,-312
524,875
524,-257
524,754
525,-389
525,-49
525,376
525,-363
525,-129
526,206
526,978
527,-49
527,-158
528,893
528,818
530,-468
531,-600
531,68
531,244
531,-104
532,738
532,143
532,455
533,-24
533,-633
533,-722
533,-337
533,-419
533,-612
533,330
533,249
534,-970
534,-673
534,-357
535,-380
535,-484
535,-955
535,-510
535,-212
535,918
536,-775
536,44
536,394
536,23
536,-60
536,-191
536,607
537,76
537,-297
537,-751
538,562
538,-299
538,-572
538,-838
538,201
538,-389
538,211
539,-839
539,748
539,-109
539,643
539,490
539,-378
539,402
539,-56
539,-803
539,-970
540,147
540,273
540,-122
540,747
540,-659
540,797
540,674
540,-17
540,793
540,-203
540,-250
541,-806
541,921
541,-401
542,172
542,-725
542,935
542,261
542,163
543,859
543,852
543,-973
543,-882
543,563
543,-643
544,581
544,-580
544,-566
544,856
545,-18
545,638
545,-407
545,-645
546,162
546,-178
546,-756
546,-156
546,267
547,-345
547,-752
547,-781
547,588
547,-967
547,-21
548,990
548,-263
548,557
549,711
549,-930
549,332
549,966
549,420
549,-156
550,-442
550,-642
550,558
551,955
551,982
551,922
551,270
551,767
551,681
551,-488
551,618
552,184
552,-978
552,336
552,-158
553,37
553,-390
553,-275
553,303
553,703
553,654
553,-731
553,972
553,536
553,74
554,-351
554,-61
554,894
554,-248
554,-179
554,-946
555,981
555,-906
555,552
555,845
555,480
555,198
555,-66
556,463
556,-918
556,831
556,-719
556,791
557,597
557,-612
557,966
558,531
558,420
559,4
559,938
559,162
559,-609
559,-298
559,-473
559,-261
559,-577
559,-866
560,-356
560,304
560,962
560,-698
560,-758
560,710
560,985
561,-863
561,-787
561,448
561,619
562,-116
562,895
562,310
562,964
562,158
562,442
562,-961
562,-443
563,-298
563,992
563,794
563,452
563,105
563,-517
563,781
563,66
563,-278
563,-620
563,-715
564,-68
564,-914
564,572
564,975
564,603
565,-415
565,-41
565,808
565,-172
566,454
566,118
566,968
567,271
567,-382
567,-774
567,-612
567,606
568,428
568,42
568,-65
568,274
568,-300
569,728
569,533
569,863
569,-594
569,623
569,476
569,328
570,332
570,-337
570,442
570,93
571,-632
571,121
571,513
571,957
572,333
572,-619
572,-101
572,-588
572,-689
572,902
572,-298
572,636
572,878
573,203
573,823
573,16
573,137
573,-88
573,-425
574,921
574,806
574,-695
574,235
574,836
574,-598
575,466
575,61
575,299
576,30
576,-786
576,753
576,106
577,-733
577,-386
577,443
578,171
578,641
578,-160
578,-508
578,-149
578,997
578,-510
580,-113
580,903
580,744
580,-34
580,-955
580,-793
580,-36
580,-850
580,554
581,-749
581,303
581,-350
581,580
582,140
582,-428
582,802
582,282
582,498
582,65
582,424
583,-891
583,-679
583,641
583,-587
583,-328
583,885
583,407
583,-330
583,224
584,-678
584,39
584,804
584,528
584,-844
585,362
585,-928
585,787
585,-630
586,551
587,7
587,633
587,-678
587,-151
587,-998
587,-86
587,678
587,362
587,-299
588,897
588,-895
588,804
588,-851
589,-403
589,-782
589,956
589,310
589,801
590,547
590,535
590,-405
590,-611
591,-916
591,225
591,-759
591,698
591,178
591,614
592,435
592,833
592,-768
592,340
593,474
593,-763
593,-607
593,334
594,-403
594,-60
594,793
594,-617
594,-94
595,438
595,973
595,-628
595,571
595,-11
595,-189
595,-318
595,-173
596,-119
596,156
596,-748
596,-857
596,-412
596,59
596,-84
597,378
597,-626
597,660
597,-676
598,-839
598,528
598,-265
599,12
599,-537
599,415
599,-45
599,317
600,-2
600,-573
600,685
600,-489
600,829
600,-65
601,-957
601,726
601,571
601,739
601,-475
601,-964
602,-610
602,585
602,142
602,-704
602,222
603,-666
603,-80
604,478
604,926
604,175
605,136
605,176
605,605
605,145
605,-257
606,156
606,883
606,553
606,889
606,797
606,-551
606,318
606,545
607,912
607,-377
607,428
608,-201
608,-484
608,108
608,-121
608,839
608,-712
608,-691
609,-495
609,75
609,-682
609,906
609,75
609,-278
609,-548
610,-329
610,678
610,562
610,650
610,-450
611,-20
611,-590
612,236
612,149
612,-384
613,584
613,-125
613,-732
613,785
613,-550
613,325
613,-126
613,-751
613,440
614,642
614,-119
614,632
615,-258
615,-184
615,-136
615,566
615,-142
615,-461
615,40
616,-793
616,154
616,-344
616,-883
616,343
617,482
617,606
617,156
617,160
618,562
618,-390
618,-400
619,233
619,-126
619,531
619,603
619,-178
619,-776
619,880
620,-636
620,242
620,909
620,441
620,-734
621,-816
621,118
622,914
622,-398
622,-197
622,71
622,-536
622,-978
622,-194
623,-695
623,-611
623,-82
623,403
624,802
624,-823
624,936
624,-74
624,192
625,-258
626,-208
626,-124
626,-361
626,945
626,461
626,737
626,-217
627,-244
627,13
627,-304
627,-717
628,620
628,892
628,-247
628,-779
628,71
628,51
628,553
628,-157
629,-97
629,-336
629,-213
629,-92
629,-326
629,975
630,-861
630,-724
630,222
630,-755
630,-292
630,-502
630,640
630,-4
630,-190
630,639
630,544
631,-237
631,-582
631,602
632,268
632,892
632,-484
632,-690
633,-683
633,959
633,-914
633,70
633,-121
634,-838
634,197
635,-29
635,-121
635,-701
635,190
635,-292
636,-807
636,479
636,-763
636,606
636,508
636,-936
637,604
637,545
637,-373
638,-242
638,43
638,997
638,853
638,15
638,-994
639,-944
639,-953
639,-104
639,856
639,-607
639,294
640,-57
640,-622
640,-167
641,73
641,18
641,-48
641,-459
641,-48
641,326
641,-704
641,-940
642,774
642,10
642,903
643,531
643,-319
643,187
643,-136
643,240
644,141
644,49
644,-83
645,-683
645,-340
645,-684
646,375
646,-218
646,-833
647,-558
647,845
647,815
647,377
647,-597
647,599
648,981
648,451
648,-144
648,-154
648,-670
649,-109
649,529
649,-912
649,312
650,23
650,708
650,28
650,252
651,-654
651,832
651,-666
651,-969
651,-478
652,-950
652,-311
652,-893
652,748
652,-174
652,60
652,722
652,-707
652,-757
653,603
653,-165
653,-648
653,-430
653,-581
653,719
654,678
654,-149
654,-868
654,152
654,201
654,-28
655,779
655,205
655,-82
655,-531
656,127
656,278
656,-721
656,983
656,179
656,-818
656,644
657,415
658,-189
658,-432
658,-284
658,-782
658,172
658,-495
659,976
659,-351
659,221
659,-756
659,-607
660,259
660,-182
660,-671
661,-529
661,199
661,135
661,651
661,344
661,561
662,-410
662,-137
662,565
662,-332
662,211
663,47
663,755
663,-643
663,-245
664,-299
664,-769
664,-379
664,893
664,273
664,700
664,-836
665,32
665,-928
665,-603
665,-582
665,-261
665,514
665,73
666,447
666,-910
666,-380
666,927
666,-620
667,725
667,-920
667,491
667,626
668,-393
668,-683
668,67
669,200
669,-171
669,424
670,-383
670,708
670,396
671,939
671,500
671,299
671,-966
671,641
672,-66
672,-783
672,217
672,-751
672,-978
672,758
672,221
673,80
673,-890
673,503
673,-408
673,23
673,934
673,564
673,268
673,-236
673,675
674,-281
674,178
675,-591
675,869
675,759
676,589
676,-290
677,-538
677,-105
677,-442
677,-639
677,-797
677,475
678,385
678,873
678,-738
678,997
678,55
678,-867
678,20
679,-495
679,-598
679,59
679,568
679,695
680,207
680,-153
681,-848
681,375
681,-755
681,753
682,482
682,-876
682,735
683,-368
683,-455
683,-267
683,743
683,317
684,-996
684,881
684,-268
685,-174
685,418
685,956
685,512
685,-853
685,-577
685,527
685,625
686,-93
686,-468
686,-767
686,980
686,-352
686,851
688,832
688,-512
689,-425
689,691
689,-310
689,-568
690,-184
690,639
690,363
690,-837
690,12
690,485
690,916
691,650
691,190
691,-636
691,688
691,-508
692,33
692,811
693,491
693,-189
693,-937
693,778
693,-376
693,86
694,-985
694,-611
694,558
694,486
694,-870
694,-649
694,888
695,-433
695,866
695,101
695,-184
695,173
695,418
695,-99
696,-954
696,172
696,-838
696,992
697,-660
697,53
697,433
697,-354
697,693
698,-704
698,-249
698,-234
698,-581
698,810
699,972
699,-375
699,516
699,322
699,-856
699,-604
700,-827
700,-473
701,469
701,769
702,586
702,-150
702,714
703,665
703,-743
704,-874
704,-568
704,-983
705,412
705,852
705,496
705,-522
706,921
706,901
707,844
707,-782
707,-606
707,700
708,170
708,-57
708,295
708,627
708,-75
708,-176
709,788
709,-338
709,645
709,-591
710,755
710,251
710,121
710,-258
710,-694
710,-375
710,16
711,-174
711,733
711,348
711,-499
711,-131
712,860
712,-642
712,641
712,847
712,709
713,-72
713,-223
713,534
713,283
714,364
714,939
714,559
714,-870
714,-915
715,602
715,585
715,-660
715,679
716,558
716,-886
716,-685
716,438
716,-422
717,934
717,-254
717,745
717,348
717,-541
717,438
717,837
718,-262
718,-705
719,-763
719,219
719,-937
719,-580
719,189
720,509
720,-35
720,-585
721,400
721,727
721,-22
721,639
721,-299
722,798
722,-629
722,-566
722,231
722,577
722,-432
722,824
723,-929
723,652
723,-876
723,-151
724,-706
724,875
724,446
724,-175
724,-170
725,-838
725,794
725,476
725,978
726,-169
726,-341
726,-15
726,-82
726,-425
726,-829
726,-126
726,344
726,559
727,548
727,-821
727,-239
727,-125
727,523
728,445
728,-565
728,-73
728,-369
728,-7
728,76
728,292
728,-648
729,-695
729,-578
729,919
729,-341
729,954
729,-854
729,-506
730,-913
730,977
730,533
730,473
730,198
730,-3
731,-544
731,472
731,-952
731,735
731,-181
731,-415
732,192
732,94
732,786
733,-188
733,632
733,-76
733,-699
733,746
733,656
733,441
733,921
734,-334
734,-727
735,561
735,-151
735,-341
735,271
735,772
735,829
735,402
735,-112
735,628
736,934
736,824
736,465
736,-215
737,331
737,789
737,-826
737,-687
737,554
737,629
738,-951
738,648
738,531
738,-611
738,-764
738,528
738,-774
738,430
739,131
739,268
739,662
739,-622
741,265
741,624
741,62
741,-319
742,-710
742,66
743,989
743,-668
743,-454
743,-435
744,-664
744,876
744,618
744,325
744,119
745,919
745,499
745,-102
746,609
746,-593
746,352
746,834
746,-777
747,-559
747,608
747,-738
748,316
748,549
748,-333
748,-919
749,-395
749,-160
749,-52
749,-36
749,804
749,170
749,-499
750,792
750,-549
750,-183
750,-483
750,-433
751,-679
751,147
751,811
751,-170
751,716
752,-45
752,724
753,170
753,645
753,400
753,-402
753,-291
753,225
753,-792
753,-64
754,885
754,-911
754,193
755,155
755,432
756,-78
756,876
756,776
756,413
756,-377
756,127
757,175
757,333
757,-838
757,-980
757,-901
758,254
758,998
758,-180
758,-490
758,-899
758,-618
758,733
758,205
758,201
759,836
759,-743
759,637
760,-720
760,-318
760,-506
761,322
761,-702
761,535
761,330
762,-641
762,79
762,762
762,-262
763,-989
763,601
763,-757
763,881
764,-991
764,-106
764,-436
764,251
764,-625
765,388
765,-914
765,753
765,-463
765,669
765,-239
765,-404
765,51
766,-253
766,-88
766,927
766,529
766,896
766,85
767,-352
767,311
767,899
767,376
767,303
767,826
767,832
767,745
767,-844
768,921
768,789
768,278
768,-905
769,620
769,-569
769,-689
769,-419
769,641
769,664
770,-674
770,209
770,-504
771,-624
771,-903
771,-839
772,287
772,608
773,907
773,-851
773,474
773,127
773,487
773,-715
774,-555
774,2
774,-441
774,754
774,-751
775,-431
775,617
775,-980
775,-88
776,393
776,181
776,657
776,-938
776,303
776,795
777,791
777,-910
777,-910
777,-633
777,251
777,-90
778,-842
779,472
779,407
779,37
779,-604
779,278
779,422
779,-503
779,498
779,-800
779,833
780,437
780,629
780,-746
781,905
781,792
781,-449
781,-237
781,140
781,-120
782,386
782,-646
782,280
783,-54
783,-782
783,-353
784,498
784,-468
784,163
784,35
784,-59
784,-63
785,-926
785,710
785,923
785,549
785,-725
785,-697
786,397
786,228
786,166
786,-424
786,-545
786,468
786,-885
787,-315
787,-774
787,-496
787,869
787,923
787,778
788,659
788,359
788,-141
788,-988
788,-634
788,527
788,-574
789,995
789,-753
789,786
789,-371
790,-314
790,-561
790,435
790,-511
790,591
791,-464
791,-615
791,183
791,-421
791,-426
792,-805
792,64
792,193
792,811
793,287
793,-893
793,216
793,307
793,-331
793,-258
793,186
794,-653
794,-461
794,130
794,333
794,332
795,721
795,488
795,192
795,-554
795,235
796,-283
796,408
797,-423
797,-194
797,666
797,-440
797,-307
798,-262
798,744
798,112
798,-153
799,-288
799,-801
799,-843
799,-851
800,486
800,-34
800,82
800,1000
800,820
800,-210
800,-634
800,-162
800,684
800,-880
800,-822
801,-264
801,-764
801,873
802,-989
802,-945
802,-839
803,726
803,-56
803,844
803,837
803,402
803,436
804,-407
804,-213
804,462
804,-941
804,91
805,-882
805,-537
805,191
805,642
806,695
806,-578
806,-528
806,-663
806,-952
807,-658
807,248
807,266
807,113
808,361
808,-376
808,-829
808,97
808,-995
808,22
808,301
809,146
809,841
809,-39
810,-382
810,-715
810,982
810,55
810,307
811,-187
811,304
812,-931
812,-779
812,152
812,973
813,74
813,-25
813,-225
813,859
813,86
813,578
814,-436
814,373
814,-40
814,786
814,-510
814,474
814,-807
815,545
815,-987
815,253
815,83
815,483
815,549
815,-101
815,204
816,242
816,179
816,-380
816,-229
817,795
817,181
817,-717
817,897
817,908
817,-661
818,624
818,-282
818,192
818,976
818,987
819,-210
819,837
819,447
819,-534
819,854
819,411
819,-377
819,-965
819,712
820,652
820,253
820,293
820,750
820,-807
820,328
820,-517
821,323
821,-507
821,-507
822,870
822,-66
822,260
822,-967
822,-882
823,-405
823,196
823,-884
824,282
824,544
824,-339
824,-853
825,-292
826,834
826,644
826,-637
826,96
827,-635
827,-660
827,628
827,914
828,-177
828,-125
828,-924
829,179
829,278
829,-21
829,79
829,127
830,-165
830,413
830,319
830,918
830,897
830,-40
831,-855
831,888
832,758
832,175
833,-579
833,-997
833,-107
833,-288
833,13
833,-98
834,-319
834,-121
834,469
834,330
834,687
834,575
834,54
834,780
835,480
835,-66
835,350
835,954
835,865
836,-527
836,794
837,468
837,692
837,-256
838,100
838,544
838,69
838,-768
838,204
838,26
839,-505
839,789
839,-969
840,506
840,455
840,105
840,-846
840,-57
840,-310
841,488
841,-91
841,131
841,-818
841,792
841,-595
841,-518
841,-37
842,500
842,-306
842,-978
842,-382
843,-683
843,339
843,-604
843,627
843,973
843,416
843,-424
843,248
844,12
844,-965
844,32
844,329
844,352
844,216
844,792
845,623
845,590
845,701
846,-734
846,579
846,-862
846,251
847,177
847,840
847,-277
847,-492
847,180
848,93
848,-839
848,294
848,-374
848,-974
849,13
849,195
849,-797
849,-944
849,229
849,-726
849,-191
849,312
850,-612
850,139
850,43
850,-131
850,-804
850,-760
850,-643
850,-703
851,252
851,-421
851,5
851,-683
851,-461
851,-25
852,-506
852,639
852,809
853,-738
853,871
853,-215
853,308
854,-926
854,374
854,156
854,-899
854,899
854,-5
854,-480
854,-360
855,-505
855,685
855,991
856,599
856,-253
856,236
857,615
857,372
857,-247
857,-551
857,678
858,628
858,-848
858,208
859,321
859,766
859,-922
859,-916
859,-877
860,-802
860,267
860,-473
861,910
861,-827
861,358
861,-299
861,-803
862,-105
862,601
862,390
862,964
863,459
863,-81
863,-641
863,-636
864,72
864,-609
864,54
864,659
864,-136
864,-301
864,53
865,926
865,-925
865,-857
865,464
865,708
865,511
865,-257
866,-654
866,678
866,544
866,282
866,78
866,-513
867,-340
867,375
867,-592
867,930
867,-778
868,215
868,-852
868,319
868,-498
869,-391
869,265
869,-340
870,-645
870,567
870,-390
871,979
871,318
871,810
871,791
871,562
872,681
872,-106
872,805
873,-678
873,-545
873,-722
873,451
873,-809
874,-970
874,66
874,227
874,120
874,391
874,132
875,-398
875,72
876,102
876,-610
876,-222
876,864
877,642
877,595
877,652
877,-920
878,853
878,-303
878,343
878,-738
878,505
878,866
879,925
879,-28
879,710
880,922
880,-4
880,-243
880,797
880,-67
881,741
881,172
881,580
881,710
882,-371
882,428
882,-640
882,-993
882,-687
882,-389
883,-84
883,627
883,861
883,-374
883,-61
883,-710
884,684
884,383
884,148
884,-231
884,-310
884,903
884,384
885,-71
885,544
886,651
886,-970
886,829
886,-531
886,-316
886,-293
887,603
887,-497
887,-725
887,-494
887,-861
887,-69
888,967
888,-961
888,849
888,-646
888,913
888,-461
889,896
889,-214
889,-850
889,112
890,841
890,711
890,251
890,-221
890,625
890,722
890,412
890,20
891,920
891,319
891,-126
891,-538
892,620
892,-468
892,594
892,95
892,839
892,124
892,-166
892,-263
892,312
893,489
893,-973
893,91
893,16
893,-177
893,707
893,865
894,405
894,-124
894,64
894,734
894,783
894,-785
894,-286
894,-975
895,670
895,-655
895,-156
895,-734
895,-521
895,-286
895,-629
896,336
896,13
896,-195
896,782
896,330
896,605
897,847
897,-877
897,-855
897,249
897,-951
897,208
898,-441
898,-144
898,348
898,720
898,-817
898,-413
898,366
898,-791
898,73
899,-81
899,994
899,949
899,219
899,283
899,-396
899,-36
899,983
900,422
900,382
900,147
900,-570
900,-595
900,683
900,394
901,912
901,506
901,-985
901,462
902,576
902,-44
902,440
902,-692
902,313
903,94
903,931
903,403
903,101
903,-306
904,-302
904,583
904,-293
904,324
904,807
904,-748
904,-795
905,540
905,607
905,71
905,808
905,-79
905,630
906,-617
906,162
906,268
906,-432
906,-592
907,-558
907,-398
907,760
907,590
908,148
908,63
908,-354
908,-456
908,798
908,-808
909,452
909,-376
909,124
909,856
909,959
910,248
910,939
910,-321
910,505
911,206
911,23
911,147
912,153
912,783
912,-883
912,-836
913,-355
913,-235
913,242
913,-682
913,373
913,156
913,-494
914,-203
914,-663
914,728
914,6
915,155
915,441
915,-754
915,-188
915,-883
915,-637
915,279
915,307
915,365
916,11
916,649
916,-636
916,-662
916,947
916,766
916,822
916,666
917,-440
917,112
917,-167
917,546
917,-219
917,-681
918,-63
918,-4
918,-904
918,-796
918,756
918,-526
919,237
919,380
919,659
919,-952
919,873
919,-391
919,-276
920,172
920,-312
920,-872
921,-259
921,-225
921,-172
921,753
921,607
921,-201
921,-464
922,-415
922,253
922,412
923,-856
923,-180
923,371
924,617
924,992
924,-303
924,-285
924,644
925,-456
925,33
925,-200
926,-978
926,-514
926,-448
926,7
926,-604
926,905
927,27
927,744
927,-847
927,196
928,-757
928,864
928,453
928,-178
928,-304
929,-954
929,330
929,930
929,170
929,-56
929,-912
929,-185
929,-372
930,-954
931,950
931,358
931,-245
931,115
931,977
931,873
932,73
932,571
932,683
932,-910
932,559
932,-353
932,868
932,-426
933,845
933,698
933,-118
934,-897
934,442
934,-959
934,-221
934,-370
934,476
934,-824
934,146
935,-296
935,-396
935,-734
935,735
935,-524
935,-870
936,-975
936,559
936,-780
936,-999
936,207
936,-273
936,830
936,-108
936,-546
936,-893
937,-966
937,-173
937,70
937,-470
937,187
938,-428
938,452
938,-280
938,-396
939,516
939,102
939,23
939,181
939,-837
940,890
940,-128
940,311
940,-848
940,-49
941,-546
941,685
941,289
941,-891
942,-85
942,-115
942,935
942,-668
943,235
943,944
943,60
944,845
944,392
944,-257
944,-590
944,660
945,132
945,358
945,490
945,-341
946,-909
946,925
947,59
947,-328
947,-688
947,-865
947,-918
947,-230
947,834
947,-992
947,432
948,-788
948,800
948,257
949,374
949,404
949,204
949,-458
949,382
949,-667
949,65
949,-749
949,-824
949,-508
949,586
949,987
950,22
950,654
950,42
950,-796
951,-283
951,-908
952,-430
952,883
952,381
952,39
953,-612
953,-708
953,-696
954,376
954,-511
954,362
954,-5
954,706
954,420
954,-471
954,-386
955,352
955,-323
955,-256
955,-639
955,950
956,615
956,12
956,-383
956,-151
956,-718
957,473
957,-303
957,-102
957,-750
957,-863
958,-707
959,938
959,-84
959,-985
959,859
959,807
959,-731
959,290
959,409
960,260
960,325
960,-865
960,898
960,120
961,103
961,472
961,-346
961,268
961,367
962,-211
962,-548
962,809
962,685
963,-29
963,323
963,667
963,112
963,-846
963,852
964,686
964,-915
964,-741
964,0
965,-875
965,232
965,899
965,427
965,835
965,-170
965,831
966,810
966,228
966,-726
966,655
966,-971
966,3
966,-527
966,805
967,-96
967,-820
967,645
967,-448
967,-276
967,-856
967,999
967,-401
968,10
968,-652
969,-391
969,-75
969,-612
969,821
970,-421
970,659
970,-562
970,859
970,-7
970,-784
970,-872
971,260
971,-748
971,400
971,75
971,-770
971,-598
972,233
972,127
972,-723
972,-560
972,63
973,564
973,278
973,-283
973,-968
973,-264
974,-520
974,381
974,3
974,-560
974,642
974,-115
974,-418
974,923
975,704
975,750
975,173
976,974
976,432
976,674
976,-21
977,154
977,-654
977,662
977,-223
977,541
978,364
978,583
978,-732
979,247
979,608
979,-210
979,-800
979,880
979,-469
979,904
980,41
980,911
980,880
980,-904
980,-450
980,-451
980,-781
980,-789
981,-667
981,-520
981,-992
981,-636
982,763
982,981
982,-167
982,-980
983,-617
983,-172
983,-612
983,264
984,-550
984,-449
984,-628
984,-660
984,-755
984,-515
985,-203
985,937
985,354
986,-917
986,306
986,-236
986,588
986,962
987,966
987,-497
988,-832
988,195
989,125
989,822
989,733
989,809
990,-800
990,-878
990,-209
990,-345
990,201
990,-515
991,476
991,531
991,-638
991,-747
991,-723
991,-981
991,730
991,-530
991,996
991,-698
991,953
991,-926
992,931
992,449
992,-341
992,157
992,349
993,780
993,469
993,200
993,-382
994,575
994,-888
994,430
994,459
995,806
995,802
995,252
995,-918
995,263
995,-790
995,792
995,-775
996,-981
996,-871
996,29
996,-456
996,-757
997,-329
997,-176
997,-308
997,-250
998,212
998,-511
998,486
998,35
998,752
998,-208
999,682
999,-520
999,-728
999,809
999,463
1000,-865
1000,-860
1000,-573